  0.00   0.00000000
  1.00   0.00167331
  2.01   0.00317891
  3.01   0.00454688
  4.01   0.00580051
  5.01   0.00695854
  6.02   0.00803599
  7.02   0.00904502
  8.02   0.00999582
  9.03   0.01089571
 10.03   0.01175117
 11.03   0.01256869
 12.04   0.01335097
 13.04   0.01410367
 14.04   0.01482788
 15.04   0.01552807
 16.05   0.01620509
 17.05   0.01686142
 18.05   0.01749910
 19.06   0.01811822
 20.06   0.01872141
 21.06   0.01930934
 22.07   0.01988198
 23.07   0.02044136
 24.07   0.02098810
 25.07   0.02152220
 26.08   0.02204395
 27.08   0.02255511
 28.08   0.02305572
 29.09   0.02354577
 30.09   0.02402515
 31.09   0.02449526
 32.10   0.02495649
 33.10   0.02540884
 34.10   0.02585230
 35.10   0.02628674
 36.11   0.02671273
 37.11   0.02713120
 38.11   0.02754216
 39.12   0.02794561
 40.12   0.02834154
 41.12   0.02872996
 42.13   0.02911060
 43.13   0.02948428
 44.13   0.02985159
 45.13   0.03021255
 46.14   0.03056713
 47.14   0.03091536
 48.14   0.03125722
 49.15   0.03159272
 50.15   0.03192185
 51.15   0.03224422
 52.15   0.03256090
 53.16   0.03287221
 54.16   0.03317815
 55.16   0.03347872
 56.17   0.03377391
 57.17   0.03406374
 58.17   0.03434819
 59.18   0.03462727
 60.18   0.03490098
 61.18   0.03516931
 62.18   0.03543183
 63.19   0.03568919
 64.19   0.03594209
 65.19   0.03619052
 66.20   0.03643448
 67.20   0.03667396
 68.20   0.03690898
 69.21   0.03713953
 70.21   0.03736561
 71.21   0.03758722
 72.21   0.03780435
 73.22   0.03801702
 74.22   0.03822522
 75.22   0.03842895
 76.23   0.03862392
 77.23   0.03881132
 78.23   0.03899726
 79.24   0.03918174
 80.24   0.03936476
 81.24   0.03954632
 82.24   0.03972642
 83.25   0.03990506
 84.25   0.04008223
 85.25   0.04025795
 86.26   0.04043221
 87.26   0.04060500
 88.26   0.04077634
 89.26   0.04094622
 90.27   0.04111463
 91.27   0.04128159
 92.27   0.04144708
 93.28   0.04161111
 94.28   0.04177611
 95.28   0.04195935
 96.29   0.04216273
 97.29   0.04238625
 98.29   0.04262992
 99.29   0.04289372
100.30   0.04317767
101.30   0.04348176
102.30   0.04380600
103.31   0.04415037
104.31   0.04450356
105.31   0.04488565
106.32   0.04533081
107.32   0.04583902
108.32   0.04641031
109.32   0.04704465
110.33   0.04774206
111.33   0.04850253
112.33   0.04932606
113.34   0.05021266
114.34   0.05115674
115.34   0.05219418
116.35   0.05334863
117.35   0.05462009
118.35   0.05600856
119.35   0.05751405
120.36   0.05913655
121.36   0.06087606
122.36   0.06273258
123.37   0.06471008
124.37   0.06684922
125.37   0.06915166
126.38   0.07161740
127.38   0.07424642
128.38   0.07703874
129.38   0.07999436
130.39   0.08311330
131.39   0.08643223
132.39   0.08995196
133.40   0.09367249
134.40   0.09759381
135.40   0.10171592
136.40   0.10603542
137.41   0.11057764
138.41   0.11534870
139.41   0.12034860
140.42   0.12557733
141.42   0.13103489
142.42   0.13672492
143.43   0.14265709
144.43   0.14883189
145.43   0.15524933
146.43   0.16190942
147.44   0.16881285
148.44   0.17597614
149.44   0.18338478
150.45   0.19103879
151.45   0.19893816
152.45   0.20708290
153.46   0.21547722
154.46   0.22413595
155.46   0.23302374
156.46   0.24214062
157.47   0.25148656
158.47   0.26106158
159.47   0.27086567
160.48   0.28093080
161.48   0.29119906
162.48   0.30165426
163.49   0.31229641
164.49   0.32312552
165.49   0.33414158
166.49   0.34534459
167.50   0.35677557
168.50   0.36833391
169.50   0.38001240
170.51   0.39181103
171.51   0.40372981
172.51   0.41576873
173.51   0.42794858
174.52   0.44024940
175.52   0.45258934
176.52   0.46496840
177.53   0.47738658
178.53   0.48984388
179.53   0.50234030
180.54   0.51492184
181.54   0.52747207
182.54   0.53997487
183.54   0.55243026
184.55   0.56483823
185.55   0.57719878
186.55   0.58953575
187.56   0.60182484
188.56   0.61398466
189.56   0.62601522
190.57   0.63791651
191.57   0.64968854
192.57   0.66133129
193.57   0.67288142
194.58   0.68427095
195.58   0.69546600
196.58   0.70646655
197.59   0.71727261
198.59   0.72788418
199.59   0.73830126
200.60   0.74843038
201.60   0.75835606
202.60   0.76810031
203.60   0.77766316
204.61   0.78704458
205.61   0.79624459
206.61   0.80526319
207.62   0.81394293
208.62   0.82236471
209.62   0.83054043
210.63   0.83847008
211.63   0.84615367
212.63   0.85359119
213.63   0.86078265
214.64   0.86775355
215.64   0.87449181
216.64   0.88099651
217.65   0.88726765
218.65   0.89330523
219.65   0.89910925
220.65   0.90467971
221.66   0.91003257
222.66   0.91518088
223.66   0.92012440
224.67   0.92486311
225.67   0.92939702
226.67   0.93372613
227.68   0.93785044
228.68   0.94177787
229.68   0.94553525
230.68   0.94912427
231.69   0.95254495
232.69   0.95579726
233.69   0.95888123
234.70   0.96179684
235.70   0.96454528
236.70   0.96715622
237.71   0.96963717
238.71   0.97198815
239.71   0.97420915
240.71   0.97630017
241.72   0.97826121
242.72   0.98009089
243.72   0.98180438
244.73   0.98342290
245.73   0.98494647
246.73   0.98637508
247.74   0.98770873
248.74   0.98894742
249.74   0.99009115
250.74   0.99113845
251.75   0.99211287
252.75   0.99302149
253.75   0.99386430
254.76   0.99464130
255.76   0.99535250
256.76   0.99599789
257.76   0.99657747
258.77   0.99709061
259.77   0.99755752
260.77   0.99798111
261.78   0.99836138
262.78   0.99869832
263.78   0.99899194
264.79   0.99924224
265.79   0.99944921
266.79   0.99961144
267.79   0.99974285
268.80   0.99984741
269.80   0.99992512
270.80   0.99997598
271.81   1.00000000
272.81   0.99999717
273.81   0.99996749
274.82   0.99991051
275.82   0.99982853
276.82   0.99973085
277.82   0.99961747
278.83   0.99948839
279.83   0.99934362
280.83   0.99918315
281.84   0.99900698
282.84   0.99881511
283.84   0.99860664
284.85   0.99837955
285.85   0.99814538
286.85   0.99790414
287.85   0.99765583
288.86   0.99740044
289.86   0.99713797
290.86   0.99686843
291.87   0.99659181
292.87   0.99630812
293.87   0.99601322
294.88   0.99571065
295.88   0.99540423
296.88   0.99509398
297.88   0.99477989
298.89   0.99446197
299.89   0.99414020
300.89   0.99381460
301.90   0.99348516
302.90   0.99315189
303.90   0.99281458
304.90   0.99247493
305.91   0.99213409
306.91   0.99179208
307.91   0.99144889
308.92   0.99110452
309.92   0.99075897
310.92   0.99041224
311.93   0.99006433
312.93   0.98971524
313.93   0.98936498
314.93   0.98901342
315.94   0.98866149
316.94   0.98830983
317.94   0.98795843
318.95   0.98760732
319.95   0.98725647
320.95   0.98690590
321.96   0.98655559
322.96   0.98620556
323.96   0.98585580
324.96   0.98550632
325.97   0.98515710
326.97   0.98480816
327.97   0.98445992
328.98   0.98411259
329.98   0.98376618
330.98   0.98342068
331.99   0.98307610
332.99   0.98273244
333.99   0.98238968
334.99   0.98204785
336.00   0.98170692
337.00   0.98136692
