  0.00   0.00000000
  1.00   0.00871032
  2.01   0.01650198
  3.01   0.02353780
  4.01   0.02994615
  5.01   0.03583028
  6.02   0.04127038
  7.02   0.04633210
  8.02   0.05106770
  9.03   0.05552110
 10.03   0.05972522
 11.03   0.06371050
 12.04   0.06750444
 13.04   0.07112029
 14.04   0.07458277
 15.04   0.07789869
 16.05   0.08108673
 17.05   0.08415226
 18.05   0.08710847
 19.06   0.08996257
 20.06   0.09271680
 21.06   0.09538509
 22.07   0.09796851
 23.07   0.10046812
 24.07   0.10289529
 25.07   0.10525151
 26.08   0.10753632
 27.08   0.10975656
 28.08   0.11191668
 29.09   0.11401669
 30.09   0.11605606
 31.09   0.11804243
 32.10   0.11997793
 33.10   0.12186256
 34.10   0.12369633
 35.10   0.12547939
 36.11   0.12721922
 37.11   0.12891616
 38.11   0.13057019
 39.12   0.13218134
 40.12   0.13374866
 41.12   0.13527745
 42.13   0.13677013
 43.13   0.13822669
 44.13   0.13964714
 45.13   0.14103148
 46.14   0.14237894
 47.14   0.14369142
 48.14   0.14497387
 49.15   0.14622629
 50.15   0.14744868
 51.15   0.14864104
 52.15   0.14980337
 53.16   0.15093568
 54.16   0.15203654
 55.16   0.15310976
 56.17   0.15415845
 57.17   0.15518260
 58.17   0.15618223
 59.18   0.15715733
 60.18   0.15810789
 61.18   0.15903393
 62.18   0.15993544
 63.19   0.16081171
 64.19   0.16166349
 65.19   0.16249548
 66.20   0.16330768
 67.20   0.16410008
 68.20   0.16487269
 69.21   0.16562550
 70.21   0.16635852
 71.21   0.16707174
 72.21   0.16776516
 73.22   0.16843840
 74.22   0.16908938
 75.22   0.16972538
 76.23   0.17034642
 77.23   0.17095248
 78.23   0.17154358
 79.24   0.17211971
 80.24   0.17268087
 81.24   0.17322707
 82.24   0.17375829
 83.25   0.17427455
 84.25   0.17477583
 85.25   0.17524561
 86.26   0.17570447
 87.26   0.17616337
 88.26   0.17662232
 89.26   0.17708131
 90.27   0.17754034
 91.27   0.17799942
 92.27   0.17845855
 93.28   0.17891772
 94.28   0.17937693
 95.28   0.17983619
 96.29   0.18029549
 97.29   0.18075484
 98.29   0.18122064
 99.29   0.18172437
100.30   0.18226858
101.30   0.18285326
102.30   0.18347843
103.31   0.18414407
104.31   0.18485018
105.31   0.18559677
106.32   0.18638219
107.32   0.18719872
108.32   0.18811115
109.32   0.18911948
110.33   0.19022372
111.33   0.19142386
112.33   0.19271990
113.34   0.19411184
114.34   0.19559968
115.34   0.19718203
116.35   0.19890729
117.35   0.20078515
118.35   0.20281561
119.35   0.20499868
120.36   0.20733434
121.36   0.20982261
122.36   0.21245741
123.37   0.21527130
124.37   0.21830353
125.37   0.22155411
126.38   0.22502303
127.38   0.22871030
128.38   0.23261591
129.38   0.23673038
130.39   0.24109739
131.39   0.24572438
132.39   0.25061137
133.40   0.25575833
134.40   0.26116529
135.40   0.26682989
136.40   0.27279324
137.41   0.27905993
138.41   0.28562995
139.41   0.29250332
140.42   0.29968002
141.42   0.30716739
142.42   0.31495740
143.43   0.32304971
144.43   0.33144433
145.43   0.34014126
146.43   0.34914282
147.44   0.35845822
148.44   0.36807069
149.44   0.37798021
150.45   0.38818680
151.45   0.39869044
152.45   0.40949115
153.46   0.42059725
154.46   0.43191306
155.46   0.44343661
156.46   0.45516791
157.47   0.46710695
158.47   0.47925374
159.47   0.49153759
160.48   0.50395083
161.48   0.51653483
162.48   0.52928960
163.49   0.54221515
164.49   0.55531146
165.49   0.56853202
166.49   0.58167622
167.50   0.59478990
168.50   0.60787305
169.50   0.62092566
170.51   0.63394775
171.51   0.64694299
172.51   0.65993751
173.51   0.67275493
174.52   0.68539524
175.52   0.69785845
176.52   0.71014456
177.53   0.72225356
178.53   0.73428083
179.53   0.74607056
180.54   0.75757903
181.54   0.76880624
182.54   0.77975218
183.54   0.79041687
184.55   0.80085166
185.55   0.81103879
186.55   0.82091042
187.56   0.83046656
188.56   0.83970720
189.56   0.84863235
190.57   0.85723198
191.57   0.86548472
192.57   0.87345544
193.57   0.88114415
194.58   0.88855084
195.58   0.89567551
196.58   0.90251817
197.59   0.90910119
198.59   0.91536731
199.59   0.92130759
200.60   0.92692203
201.60   0.93221062
202.60   0.93717338
203.60   0.94186196
204.61   0.94637889
205.61   0.95066569
206.61   0.95472236
207.62   0.95854890
208.62   0.96214530
209.62   0.96551156
210.63   0.96879301
211.63   0.97188396
212.63   0.97472906
213.63   0.97732830
214.64   0.97968169
215.64   0.98178923
216.64   0.98365092
217.65   0.98554279
218.65   0.98733802
219.65   0.98898082
220.65   0.99047120
221.66   0.99180916
222.66   0.99299469
223.66   0.99402779
224.67   0.99493899
225.67   0.99578380
226.67   0.99654954
227.68   0.99723620
228.68   0.99784379
229.68   0.99837230
230.68   0.99882175
231.69   0.99919212
232.69   0.99948079
233.69   0.99970305
234.70   0.99986367
235.70   0.99996266
236.70   1.00000000
237.71   0.99997571
238.71   0.99988977
239.71   0.99974221
240.71   0.99953273
241.72   0.99927084
242.72   0.99898666
243.72   0.99868019
244.73   0.99835145
245.73   0.99800043
246.73   0.99762712
247.74   0.99723154
248.74   0.99681367
249.74   0.99637352
250.74   0.99590415
251.75   0.99540560
252.75   0.99488765
253.75   0.99435032
254.76   0.99379361
255.76   0.99321751
256.76   0.99262202
257.76   0.99200715
258.77   0.99137289
259.77   0.99071925
260.77   0.99004622
261.78   0.98937691
262.78   0.98870584
263.78   0.98803199
264.79   0.98735538
265.79   0.98667600
266.79   0.98599384
267.79   0.98530892
268.80   0.98462122
269.80   0.98393076
270.80   0.98323752
271.81   0.98254151
272.81   0.98184274
273.81   0.98111152
274.82   0.98038431
275.82   0.97966234
276.82   0.97894560
277.82   0.97823410
278.83   0.97752784
279.83   0.97682681
280.83   0.97613102
281.84   0.97544047
282.84   0.97475516
283.84   0.97407508
284.85   0.97340023
285.85   0.97273063
286.85   0.97204717
287.85   0.97133549
288.86   0.97063167
289.86   0.96993571
290.86   0.96924760
291.87   0.96856736
292.87   0.96789497
293.87   0.96723043
294.88   0.96657376
295.88   0.96592495
296.88   0.96528399
297.88   0.96465089
298.89   0.96402565
299.89   0.96340826
300.89   0.96279874
301.90   0.96219707
302.90   0.96159304
303.90   0.96098120
304.90   0.96037340
305.91   0.95976962
306.91   0.95916988
307.91   0.95857417
308.92   0.95798250
309.92   0.95739485
310.92   0.95681124
311.93   0.95623166
312.93   0.95565611
313.93   0.95508459
314.93   0.95451710
315.94   0.95395365
316.94   0.95339423
317.94   0.95283884
318.95   0.95228748
319.95   0.95174015
320.95   0.95120460
321.96   0.95067694
322.96   0.95015359
323.96   0.94963457
324.96   0.94911986
325.97   0.94860948
326.97   0.94810341
327.97   0.94760167
328.98   0.94710425
329.98   0.94661115
330.98   0.94612236
331.99   0.94563790
332.99   0.94515776
333.99   0.94468194
334.99   0.94421044
336.00   0.94374327
337.00   0.94328041
