  0.00   0.00000000
  1.00   0.00062922
  2.01   0.00119610
  3.01   0.00171178
  4.01   0.00218425
  5.01   0.00262181
  6.02   0.00302726
  7.02   0.00340938
  8.02   0.00376820
  9.03   0.00410764
 10.03   0.00443234
 11.03   0.00474230
 12.04   0.00503758
 13.04   0.00532264
 14.04   0.00559841
 15.04   0.00586489
 16.05   0.00612196
 17.05   0.00637052
 18.05   0.00661314
 19.06   0.00684981
 20.06   0.00708053
 21.06   0.00730529
 22.07   0.00752411
 23.07   0.00773691
 24.07   0.00794560
 25.07   0.00815026
 26.08   0.00835088
 27.08   0.00854746
 28.08   0.00874001
 29.09   0.00892851
 30.09   0.00911298
 31.09   0.00929312
 32.10   0.00947025
 33.10   0.00964443
 34.10   0.00981567
 35.10   0.00998397
 36.11   0.01014933
 37.11   0.01031174
 38.11   0.01047121
 39.12   0.01062774
 40.12   0.01078132
 41.12   0.01093195
 42.13   0.01107927
 43.13   0.01122435
 44.13   0.01136718
 45.13   0.01150777
 46.14   0.01164611
 47.14   0.01178221
 48.14   0.01191606
 49.15   0.01204766
 50.15   0.01217702
 51.15   0.01230414
 52.15   0.01242901
 53.16   0.01255163
 54.16   0.01267201
 55.16   0.01279014
 56.17   0.01290584
 57.17   0.01301920
 58.17   0.01313082
 59.18   0.01324069
 60.18   0.01334881
 61.18   0.01345519
 62.18   0.01355981
 63.19   0.01366269
 64.19   0.01376381
 65.19   0.01386319
 66.20   0.01396082
 67.20   0.01405670
 68.20   0.01415083
 69.21   0.01424321
 70.21   0.01433385
 71.21   0.01442273
 72.21   0.01450987
 73.22   0.01459526
 74.22   0.01467820
 75.22   0.01475949
 76.23   0.01483958
 77.23   0.01491846
 78.23   0.01499614
 79.24   0.01507261
 80.24   0.01514787
 81.24   0.01522193
 82.24   0.01529478
 83.25   0.01536642
 84.25   0.01543686
 85.25   0.01550610
 86.26   0.01557412
 87.26   0.01564094
 88.26   0.01570656
 89.26   0.01577097
 90.27   0.01583417
 91.27   0.01589616
 92.27   0.01595695
 93.28   0.01601150
 94.28   0.01605840
 95.28   0.01610813
 96.29   0.01616070
 97.29   0.01621611
 98.29   0.01627436
 99.29   0.01633545
100.30   0.01639937
101.30   0.01646613
102.30   0.01653572
103.31   0.01660816
104.31   0.01668343
105.31   0.01676154
106.32   0.01684249
107.32   0.01692627
108.32   0.01701289
109.32   0.01710235
110.33   0.01719465
111.33   0.01728978
112.33   0.01738775
113.34   0.01748856
114.34   0.01757668
115.34   0.01758994
116.35   0.01764044
117.35   0.01772818
118.35   0.01785317
119.35   0.01801540
120.36   0.01821487
121.36   0.01845158
122.36   0.01872554
123.37   0.01903674
124.37   0.01938518
125.37   0.01977086
126.38   0.02019379
127.38   0.02065395
128.38   0.02115136
129.38   0.02168602
130.39   0.02225791
131.39   0.02286705
132.39   0.02351343
133.40   0.02419705
134.40   0.02491792
135.40   0.02567602
136.40   0.02647137
137.41   0.02730397
138.41   0.02821962
139.41   0.02925379
140.42   0.03038017
141.42   0.03159878
142.42   0.03290960
143.43   0.03431265
144.43   0.03580792
145.43   0.03739540
146.43   0.03907511
147.44   0.04084703
148.44   0.04271118
149.44   0.04466754
150.45   0.04671613
151.45   0.04885693
152.45   0.05107094
153.46   0.05339325
154.46   0.05584704
155.46   0.05843229
156.46   0.06114901
157.47   0.06399719
158.47   0.06697684
159.47   0.07008796
160.48   0.07333054
161.48   0.07670460
162.48   0.08021011
163.49   0.08384710
164.49   0.08761555
165.49   0.09151547
166.49   0.09555644
167.50   0.09973986
168.50   0.10406018
169.50   0.10851741
170.51   0.11311153
171.51   0.11784257
172.51   0.12271050
173.51   0.12771534
174.52   0.13285708
175.52   0.13813572
176.52   0.14355127
177.53   0.14910371
178.53   0.15479306
179.53   0.16064370
180.54   0.16665478
181.54   0.17279142
182.54   0.17905362
183.54   0.18544138
184.55   0.19195470
185.55   0.19859358
186.55   0.20535802
187.56   0.21224802
188.56   0.21926359
189.56   0.22640471
190.57   0.23367139
191.57   0.24106364
192.57   0.24858144
193.57   0.25625959
194.58   0.26402406
195.58   0.27187428
196.58   0.27981025
197.59   0.28783196
198.59   0.29593943
199.59   0.30413265
200.60   0.31241161
201.60   0.32077633
202.60   0.32922680
203.60   0.33776302
204.61   0.34638498
205.61   0.35509270
206.61   0.36388617
207.62   0.37278467
208.62   0.38174724
209.62   0.39073139
210.63   0.39973714
211.63   0.40876448
212.63   0.41781341
213.63   0.42688394
214.64   0.43597605
215.64   0.44508976
216.64   0.45422505
217.65   0.46338194
218.65   0.47256042
219.65   0.48176049
220.65   0.49098216
221.66   0.50022541
222.66   0.50951595
223.66   0.51879834
224.67   0.52803341
225.67   0.53722116
226.67   0.54636160
227.68   0.55545471
228.68   0.56450050
229.68   0.57349898
230.68   0.58245013
231.69   0.59135397
232.69   0.60021049
233.69   0.60901969
234.70   0.61778157
235.70   0.62649613
236.70   0.63516337
237.71   0.64383524
238.71   0.65241976
239.71   0.66090230
240.71   0.66928286
241.72   0.67756144
242.72   0.68573804
243.72   0.69381266
244.73   0.70178530
245.73   0.70965596
246.73   0.71742464
247.74   0.72509134
248.74   0.73265606
249.74   0.74011880
250.74   0.74747956
251.75   0.75477769
252.75   0.76195871
253.75   0.76901998
254.76   0.77596152
255.76   0.78278331
256.76   0.78948535
257.76   0.79606766
258.77   0.80253022
259.77   0.80887304
260.77   0.81509612
261.78   0.82119945
262.78   0.82718305
263.78   0.83304690
264.79   0.83883198
265.79   0.84448995
266.79   0.85001656
267.79   0.85541183
268.80   0.86067574
269.80   0.86580830
270.80   0.87080950
271.81   0.87567936
272.81   0.88041786
273.81   0.88502501
274.82   0.88950081
275.82   0.89384525
276.82   0.89805909
277.82   0.90217188
278.83   0.90618214
279.83   0.91008989
280.83   0.91389512
281.84   0.91759784
282.84   0.92119804
283.84   0.92469572
284.85   0.92809089
285.85   0.93138354
286.85   0.93457367
287.85   0.93766129
288.86   0.94064639
289.86   0.94349322
290.86   0.94624047
291.87   0.94890263
292.87   0.95147970
293.87   0.95397169
294.88   0.95637859
295.88   0.95870041
296.88   0.96093714
297.88   0.96308878
298.89   0.96515534
299.89   0.96713681
300.89   0.96903319
301.90   0.97085435
302.90   0.97260737
303.90   0.97429197
304.90   0.97590815
305.91   0.97745590
306.91   0.97893523
307.91   0.98034613
308.92   0.98168862
309.92   0.98296267
310.92   0.98416831
311.93   0.98530552
312.93   0.98637708
313.93   0.98740327
314.93   0.98838628
315.94   0.98932611
316.94   0.99022275
317.94   0.99107622
318.95   0.99188650
319.95   0.99265361
320.95   0.99337753
321.96   0.99405827
322.96   0.99469583
323.96   0.99529021
324.96   0.99586314
325.97   0.99640518
326.97   0.99691030
327.97   0.99737850
328.98   0.99780977
329.98   0.99820413
330.98   0.99856156
331.99   0.99888206
332.99   0.99916565
333.99   0.99941231
334.99   0.99962205
336.00   0.99980336
337.00   1.00000000
