        0.00 0.006800000000 0.046600000000 0.000000000000 0.000000000000 0.000000000000 0.500000000000 0.000000000000
        1.00 0.006475573505 0.040503206832 0.000000000000 -0.000000000000 -0.000000000000 0.494539937198 0.000000000000
        2.01 0.006181685937 0.035565286803 0.000000000000 0.000000000000 0.000000000000 0.489395087450 0.000000000000
        3.01 0.005914790478 0.031536656233 0.000000000000 -0.000000000000 -0.000000000000 0.484519559394 0.000000000000
        4.01 0.005671822692 0.028225718388 0.000000000000 -0.000000000000 -0.000000000000 0.479876711459 0.000000000000
        5.01 0.005450081796 0.025482696507 0.000000000000 0.000000000000 0.000000000000 0.475436645788 0.000000000000
        6.02 0.005247280906 0.023194596849 0.000000000000 -0.000000000000 -0.000000000000 0.471175774835 0.000000000000
        7.02 0.005061386336 0.021271629736 0.000000000000 0.000000000000 0.000000000000 0.467074453822 0.000000000000
        8.02 0.004890647222 0.019644551258 0.000000000000 -0.000000000000 -0.000000000000 0.463116745416 0.000000000000
        9.03 0.004733477722 0.018257079130 -0.000000000000 -0.000000000000 -0.000000000000 0.459288976698 0.000000000000
       10.03 0.004588610771 0.017068347455 0.000000000000 0.000000000000 0.000000000000 0.455580696493 0.000000000000
       11.03 0.004454795379 0.016041741025 0.000000000000 0.000000000000 0.000000000000 0.451982024484 0.000000000000
       12.04 0.004330802327 0.015145891437 0.000000000000 0.000000000000 0.000000000000 0.448483715429 0.000000000000
       13.04 0.004216025136 0.014365870372 0.000000000000 -0.000000000000 -0.000000000000 0.445081273703 0.000000000000
       14.04 0.004109236934 0.013675490974 0.000000000000 -0.000000000000 -0.000000000000 0.441765937733 0.000000000000
       15.04 0.004010093939 0.013067624787 0.000000000000 0.000000000000 0.000000000000 0.438535270841 0.000000000000
       16.05 0.003917581234 0.012524080496 0.000000000000 0.000000000000 0.000000000000 0.435382266870 0.000000000000
       17.05 0.003831405224 0.012039631530 0.000000000000 -0.000000000000 -0.000000000000 0.432304907477 0.000000000000
       18.05 0.003750792125 0.011602650218 0.000000000000 -0.000000000000 -0.000000000000 0.429297892023 0.000000000000
       19.06 0.003675304097 0.011206864672 0.000000000000 -0.000000000000 -0.000000000000 0.426358275573 0.000000000000
       20.06 0.003604815012 0.010850439522 0.000000000000 -0.000000000000 -0.000000000000 0.423485151129 0.000000000000
       21.06 0.003538431147 0.010522615292 0.000000000000 -0.000000000000 -0.000000000000 0.420672354816 0.000000000000
       22.07 0.003476081660 0.010222584594 0.000000000000 -0.000000000000 -0.000000000000 0.417919403367 0.000000000000
       23.07 0.003417706049 0.009949559579 0.000000000000 0.000000000000 0.000000000000 0.415225871754 0.000000000000
       24.07 0.003362545578 0.009695983010 0.000000000000 0.000000000000 0.000000000000 0.412586229555 0.000000000000
       25.07 0.003310498585 0.009460892316 0.000000000000 0.000000000000 0.000000000000 0.409999731428 0.000000000000
       26.08 0.003261598081 0.009244511498 0.000000000000 0.000000000000 0.000000000000 0.407466642344 0.000000000000
       27.08 0.003215388102 0.009042998987 0.000000000000 0.000000000000 0.000000000000 0.404983388346 0.000000000000
       28.08 0.003171563433 0.008853914411 0.000000000000 0.000000000000 0.000000000000 0.402547561992 0.000000000000
       29.09 0.003130124072 0.008677257771 0.000000000000 0.000000000000 0.000000000000 0.400159163283 0.000000000000
       30.09 0.003091107792 0.008513221091 0.000000000000 -0.000000000000 -0.000000000000 0.397818656553 0.000000000000
       31.09 0.003054012876 0.008358360248 0.000000000000 -0.000000000000 -0.000000000000 0.395521430824 0.000000000000
       32.10 0.003018695233 0.008211723936 0.000000000000 -0.000000000000 -0.000000000000 0.393266095931 0.000000000000
       33.10 0.002985154863 0.008073312156 0.000000000000 -0.000000000000 -0.000000000000 0.391052651873 0.000000000000
       34.10 0.002953391766 0.007943124908 0.000000000000 -0.000000000000 -0.000000000000 0.388881098651 0.000000000000
       35.10 0.002923398241 0.007821058193 0.000000000000 0.000000000000 0.000000000000 0.386751690170 0.000000000000
       36.11 0.002894713018 0.007704473511 0.000000000000 0.000000000000 -0.000000000000 0.384659337996 0.000000000000
       37.11 0.002867315792 0.007593257925 0.000000000000 0.000000000000 -0.000000000000 0.382603800076 0.000000000000
       38.11 0.002841206564 0.007487411434 0.000000000000 0.000000000000 -0.000000000000 0.380585076411 0.000000000000
       39.12 0.002816385333 0.007386934038 0.000000000000 0.000000000000 0.000000000000 0.378603167000 0.000000000000
       40.12 0.002792902229 0.007292063679 0.000000000000 0.000000000000 0.000000000000 0.376658978288 0.000000000000
       41.12 0.002770467563 0.007201351562 0.000000000000 0.000000000000 0.000000000000 0.374748690511 0.000000000000
       42.13 0.002748949500 0.007114149240 0.000000000000 0.000000000000 0.000000000000 0.372870355866 0.000000000000
       43.13 0.002728348039 0.007030456714 0.000000000000 0.000000000000 0.000000000000 0.371023974351 0.000000000000
       44.13 0.002708663182 0.006950273985 0.000000000000 0.000000000000 0.000000000000 0.369209545967 0.000000000000
       45.13 0.002689894926 0.006873601051 0.000000000000 0.000000000000 0.000000000000 0.367427070714 0.000000000000
       46.14 0.002672077911 0.006800591240 0.000000000000 -0.000000000000 -0.000000000000 0.365677203860 0.000000000000
       47.14 0.002655122517 0.006730851688 0.000000000000 -0.000000000000 -0.000000000000 0.363958782519 0.000000000000
       48.14 0.002638800020 0.006663372327 0.000000000000 -0.000000000000 -0.000000000000 0.362267816071 0.000000000000
       49.15 0.002623110421 0.006598153157 0.000000000000 0.000000000000 0.000000000000 0.360604304514 0.000000000000
       50.15 0.002608053719 0.006535194178 0.000000000000 0.000000000000 0.000000000000 0.358968247851 0.000000000000
       51.15 0.002593629914 0.006474495389 0.000000000000 0.000000000000 0.000000000000 0.357359646080 0.000000000000
       52.15 0.002579839007 0.006416056792 0.000000000001 0.000000000000 0.000000000000 0.355778499201 0.000000000000
       53.16 0.002566680997 0.006359878386 0.000000000001 0.000000000000 0.000000000000 0.354224807215 0.000000000000
       54.16 0.002554207357 0.006306174883 0.000000000001 -0.000000000000 -0.000000000000 0.352699752272 0.000000000000
       55.16 0.002542273340 0.006254373362 0.000000000001 -0.000000000000 -0.000000000000 0.351200260301 0.000000000000
       56.17 0.002530763248 0.006204002525 0.000000000001 -0.000000000000 -0.000000000000 0.349723765904 0.000000000000
       57.17 0.002519677081 0.006155062373 0.000000000002 -0.000000000000 -0.000000000000 0.348270269081 0.000000000000
       58.17 0.002509014838 0.006107552906 0.000000000002 0.000000000000 0.000000000000 0.346839769831 0.000000000000
       59.18 0.002498776520 0.006061474123 0.000000000003 0.000000000000 0.000000000000 0.345432268155 0.000000000000
       60.18 0.002488962127 0.006016826025 0.000000000004 0.000000000000 0.000000000000 0.344047764052 0.000000000000
       61.18 0.002479571658 0.005973608611 0.000000000005 0.000000000000 0.000000000000 0.342686257523 0.000000000000
       62.18 0.002470605115 0.005931821882 0.000000000006 0.000000000000 0.000000000000 0.341347748568 0.000000000000
       63.19 0.002462082423 0.005891544433 0.000000000007 0.000000000000 0.000000000000 0.340032829566 0.000000000000
       64.19 0.002453977529 0.005852696866 0.000000000008 -0.000000000000 -0.000000000000 0.338740891164 0.000000000000
       65.19 0.002446155349 0.005814761900 0.000000000010 -0.000000000000 -0.000000000000 0.337468027336 0.000000000000
       66.20 0.002438615884 0.005777739536 0.000000000012 0.000000000000 0.000000000000 0.336214238083 0.000000000000
       67.20 0.002431359134 0.005741629774 0.000000000015 0.000000000000 0.000000000000 0.334979523403 0.000000000000
       68.20 0.002424385099 0.005706432613 0.000000000018 0.000000000000 0.000000000000 0.333763883298 0.000000000000
       69.21 0.002417693778 0.005672148055 0.000000000022 0.000000000000 0.000000000000 0.332567317768 0.000000000000
       70.21 0.002411285172 0.005638776098 0.000000000026 0.000000000000 0.000000000000 0.331389826812 0.000000000000
       71.21 0.002405159280 0.005606316743 0.000000000031 0.000000000000 0.000000000000 0.330231410430 0.000000000000
       72.21 0.002399316103 0.005574769989 0.000000000036 0.000000000000 0.000000000000 0.329092068623 0.000000000000
       73.22 0.002393760978 0.005544158675 0.000000000042 0.000000000000 0.000000000000 0.327972039397 0.000000000000
       74.22 0.002388508975 0.005514578754 0.000000000047 0.000000000000 0.000000000000 0.326872247672 0.000000000000
       75.22 0.002383449917 0.005485585968 0.000000000054 0.000000000000 0.000000000000 0.325787998556 0.000000000000
       76.23 0.002378583805 0.005457180317 0.000000000063 0.000000000000 0.000000000000 0.324719292047 0.000000000000
       77.23 0.002373910639 0.005429361801 0.000000000073 0.000000000000 0.000000000000 0.323666128146 0.000000000000
       78.23 0.002369430418 0.005402130419 0.000000000085 0.000000000000 0.000000000000 0.322628506854 0.000000000000
       79.24 0.002365143143 0.005375486172 0.000000000099 0.000000000000 0.000000000000 0.321606428169 0.000000000000
       80.24 0.002361048814 0.005349429060 0.000000000114 0.000000000000 0.000000000000 0.320599892093 0.000000000000
       81.24 0.002357147430 0.005323959083 0.000000000131 0.000000000000 0.000000000000 0.319608898624 0.000000000000
       82.24 0.002353438992 0.005299076240 0.000000000149 0.000000000000 0.000000000000 0.318633447764 0.000000000000
       83.25 0.002349923499 0.005274780532 0.000000000169 0.000000000000 0.000000000001 0.317673539512 0.000000000000
       84.25 0.002346600952 0.005251071959 0.000000000191 0.000000000000 0.000000000001 0.316729173867 0.000000000000
       85.25 0.002343415635 0.005228073885 0.000000000214 0.000000000000 0.000000000001 0.315803146802 0.000000000000
       86.26 0.002340392713 0.005205549624 0.000000000239 0.000000000000 0.000000000001 0.314890869873 0.000000000000
       87.26 0.002337560159 0.005183400474 0.000000000267 0.000000000000 0.000000000001 0.313990263660 0.000000000000
       88.26 0.002334917974 0.005161626435 0.000000000298 0.000000000000 0.000000000001 0.313101328164 0.000000000000
       89.26 0.002332466157 0.005140227506 0.000000000333 0.000000000001 0.000000000002 0.312224063384 0.000000000000
       90.27 0.002330204709 0.005119203689 0.000000000371 0.000000000001 0.000000000003 0.311358469322 0.000000000000
       91.27 0.002328133630 0.005098554982 0.000000000412 0.000000000001 0.000000000004 0.310504545976 0.000000000000
       92.27 0.002326252919 0.005078281386 0.000000000457 0.000000000002 0.000000000005 0.309662293347 0.000000000000
       93.28 0.002324562576 0.005058382901 0.000000000505 0.000000000002 0.000000000007 0.308831711435 0.000000000000
       94.28 0.002323062602 0.005038859526 0.000000000556 0.000000000003 0.000000000008 0.308012800239 0.000000000000
       95.28 0.002321752997 0.005019711262 0.000000000610 0.000000000003 0.000000000010 0.307205559760 0.000000000000
       96.29 0.002320633760 0.005000938109 0.000000000668 0.000000000004 0.000000000013 0.306409989998 0.000000000000
       97.29 0.002319704892 0.004982540067 0.000000000729 0.000000000005 0.000000000015 0.305626090953 0.000000000000
       98.29 0.002318896937 0.004964524808 0.000000000790 0.000000000006 0.000000000018 0.304855076656 0.000000000000
       99.29 0.002318328887 0.004946825663 0.000000000850 0.000000000007 0.000000000021 0.304093841571 0.000000000000
      100.30 0.002318169614 0.004929401123 0.000000000913 0.000000000008 0.000000000026 0.303338996003 0.000000000000
      101.30 0.002318419116 0.004912251187 0.000000000978 0.000000000010 0.000000000031 0.302590539953 0.000000000000
      102.30 0.002319077394 0.004895375856 0.000000001047 0.000000000012 0.000000000037 0.301848473420 0.000000000000
      103.31 0.002320144449 0.004878775130 0.000000001118 0.000000000015 0.000000000044 0.301112796404 0.000000000000
      104.31 0.002321620279 0.004862449009 0.000000001192 0.000000000017 0.000000000053 0.300383508906 0.000000000000
      105.31 0.002323504885 0.004846397492 0.000000001268 0.000000000020 0.000000000062 0.299660610925 0.000000000000
      106.32 0.002325780460 0.004830621608 0.000000001348 0.000000000024 0.000000000071 0.298944376247 0.000000000000
      107.32 0.002328288196 0.004815121895 0.000000001429 0.000000000027 0.000000000082 0.298236999810 0.000000000000
      108.32 0.002331656971 0.004799854124 0.000000001512 0.000000000031 0.000000000094 0.297528585128 0.000000000000
      109.32 0.002335886785 0.004784818295 0.000000001597 0.000000000036 0.000000000108 0.296819132202 0.000000000000
      110.33 0.002340977638 0.004770014407 0.000000001683 0.000000000042 0.000000000124 0.296108641032 0.000000000000
      111.33 0.002346929531 0.004755442461 0.000000001771 0.000000000048 0.000000000142 0.295397111617 0.000000000000
      112.33 0.002353742462 0.004741102457 0.000000001861 0.000000000054 0.000000000161 0.294684543958 0.000000000000
      113.34 0.002361416432 0.004726994395 0.000000001952 0.000000000062 0.000000000182 0.293970938054 0.000000000000
      114.34 0.002369951441 0.004713118275 0.000000002045 0.000000000070 0.000000000205 0.293256293906 0.000000000000
      115.34 0.002379165436 0.004699470778 0.000000002138 0.000000000078 0.000000000230 0.292543166051 0.000000000000
      116.35 0.002389743797 0.004686044906 0.000000002233 0.000000000088 0.000000000257 0.291821571861 0.000000000000
      117.35 0.002401883240 0.004672840549 0.000000002328 0.000000000098 0.000000000287 0.291088681777 0.000000000000
      118.35 0.002415583767 0.004659857708 0.000000002425 0.000000000110 0.000000000319 0.290344495799 0.000000000000
      119.35 0.002430845376 0.004647096383 0.000000002523 0.000000000122 0.000000000354 0.289589013926 0.000000000000
      120.36 0.002447668068 0.004634556573 0.000000002622 0.000000000136 0.000000000392 0.288822236159 0.000000000000
      121.36 0.002466051843 0.004622238279 0.000000002722 0.000000000150 0.000000000433 0.288044162497 0.000000000000
      122.36 0.002485882164 0.004610138281 0.000000002824 0.000000000165 0.000000000476 0.287256351243 0.000000000001
      123.37 0.002507521773 0.004598260186 0.000000002925 0.000000000182 0.000000000522 0.286453726032 0.000000000001
      124.37 0.002531569713 0.004586617133 0.000000003028 0.000000000200 0.000000000571 0.285628057388 0.000000000001
      125.37 0.002558025983 0.004575209120 0.000000003131 0.000000000219 0.000000000624 0.284779345313 0.000000000001
      126.38 0.002586890583 0.004564036148 0.000000003234 0.000000000240 0.000000000681 0.283907589806 0.000000000001
      127.38 0.002618163514 0.004553098217 0.000000003339 0.000000000262 0.000000000741 0.283012790867 0.000000000001
      128.38 0.002651844774 0.004542395327 0.000000003444 0.000000000285 0.000000000805 0.282094948496 0.000000000001
      129.38 0.002687832460 0.004531922113 0.000000003550 0.000000000310 0.000000000872 0.281155400743 0.000000000001
      130.39 0.002727000962 0.004521708524 0.000000003656 0.000000000336 0.000000000943 0.280182522290 0.000000000001
      131.39 0.002769481758 0.004511759440 0.000000003762 0.000000000364 0.000000001018 0.279174568474 0.000000000001
      132.39 0.002815274849 0.004502074860 0.000000003867 0.000000000394 0.000000001097 0.278131539295 0.000000000001
      133.40 0.002864380235 0.004492654786 0.000000003973 0.000000000425 0.000000001180 0.277053434752 0.000000000001
      134.40 0.002916797915 0.004483499217 0.000000004079 0.000000000458 0.000000001267 0.275940254846 0.000000000001
      135.40 0.002972440828 0.004474603800 0.000000004186 0.000000000493 0.000000001358 0.274793044500 0.000000000001
      136.40 0.003032220034 0.004466008943 0.000000004291 0.000000000530 0.000000001452 0.273600328799 0.000000000001
      137.41 0.003096242699 0.004457719473 0.000000004396 0.000000000569 0.000000001551 0.272360765783 0.000000000001
      138.41 0.003164508821 0.004449735391 0.000000004500 0.000000000609 0.000000001654 0.271074355452 0.000000000001
      139.41 0.003237018401 0.004442056696 0.000000004603 0.000000000652 0.000000001762 0.269741097805 0.000000000001
      140.42 0.003313771439 0.004434683388 0.000000004705 0.000000000697 0.000000001873 0.268360992842 0.000000000001
      141.42 0.003394790371 0.004427615203 0.000000004806 0.000000000744 0.000000001989 0.266933617053 0.000000000001
      142.42 0.003480892513 0.004420900000 0.000000004906 0.000000000793 0.000000002108 0.265449670040 0.000000000001
      143.43 0.003572093372 0.004414538719 0.000000005004 0.000000000844 0.000000002230 0.263908978905 0.000000000002
      144.43 0.003668392947 0.004408531361 0.000000005100 0.000000000897 0.000000002355 0.262311543648 0.000000000002
      145.43 0.003769791239 0.004402877926 0.000000005194 0.000000000952 0.000000002485 0.260657364269 0.000000000002
      146.43 0.003876254267 0.004397575667 0.000000005287 0.000000001009 0.000000002617 0.258946657747 0.000000000002
      147.44 0.003987988690 0.004392639245 0.000000005378 0.000000001068 0.000000002753 0.257177056435 0.000000000002
      148.44 0.004105498978 0.004388107888 0.000000005466 0.000000001130 0.000000002891 0.255344545037 0.000000000002
      149.44 0.004228785130 0.004383981596 0.000000005551 0.000000001193 0.000000003032 0.253449123552 0.000000000002
      150.45 0.004357847147 0.004380260370 0.000000005633 0.000000001259 0.000000003174 0.251490791981 0.000000000002
      151.45 0.004492685028 0.004376944209 0.000000005711 0.000000001327 0.000000003318 0.249469550324 0.000000000002
      152.45 0.004633298773 0.004374033113 0.000000005787 0.000000001397 0.000000003465 0.247385398581 0.000000000002
      153.46 0.004779836874 0.004371533045 0.000000005860 0.000000001469 0.000000003614 0.245235730275 0.000000000002
      154.46 0.004932407877 0.004369480634 0.000000005930 0.000000001544 0.000000003762 0.243024307889 0.000000000002
      155.46 0.005091010819 0.004367876449 0.000000005995 0.000000001619 0.000000003910 0.240751254741 0.000000000003
      156.46 0.005255645700 0.004366720488 0.000000006055 0.000000001697 0.000000004057 0.238416570830 0.000000000003
      157.47 0.005426312520 0.004366012753 0.000000006111 0.000000001776 0.000000004204 0.236020256158 0.000000000003
      158.47 0.005603011279 0.004365753243 0.000000006163 0.000000001857 0.000000004351 0.233562310724 0.000000000003
      159.47 0.005785796883 0.004365947276 0.000000006212 0.000000001940 0.000000004495 0.231040921449 0.000000000003
      160.48 0.005974433535 0.004366607683 0.000000006256 0.000000002024 0.000000004637 0.228464811638 0.000000000003
      161.48 0.006168826878 0.004367734500 0.000000006295 0.000000002109 0.000000004777 0.225837338090 0.000000000003
      162.48 0.006368976914 0.004369327727 0.000000006330 0.000000002196 0.000000004914 0.223158500806 0.000000000003
      163.49 0.006574883643 0.004371387365 0.000000006359 0.000000002285 0.000000005050 0.220428299785 0.000000000003
      164.49 0.006786547063 0.004373913413 0.000000006382 0.000000002375 0.000000005183 0.217646735026 0.000000000004
      165.49 0.007004107796 0.004376913071 0.000000006402 0.000000002467 0.000000005314 0.214811092462 0.000000000004
      166.49 0.007227195878 0.004380384606 0.000000006417 0.000000002558 0.000000005438 0.211929895514 0.000000000004
      167.50 0.007455126785 0.004384302597 0.000000006427 0.000000002651 0.000000005556 0.209017129327 0.000000000004
      168.50 0.007687900517 0.004388667042 0.000000006431 0.000000002743 0.000000005669 0.206072793901 0.000000000004
      169.50 0.007925517073 0.004393477941 0.000000006430 0.000000002836 0.000000005776 0.203096889237 0.000000000004
      170.51 0.008167976454 0.004398735296 0.000000006424 0.000000002930 0.000000005877 0.200089415334 0.000000000004
      171.51 0.008415308040 0.004404440887 0.000000006413 0.000000003024 0.000000005973 0.197049848225 0.000000000004
      172.51 0.008667651819 0.004410608606 0.000000006397 0.000000003118 0.000000006066 0.193976564308 0.000000000005
      173.51 0.008923540090 0.004417154465 0.000000006377 0.000000003212 0.000000006150 0.190896553161 0.000000000005
      174.52 0.009182972853 0.004424078462 0.000000006352 0.000000003306 0.000000006227 0.187809814785 0.000000000005
      175.52 0.009445950109 0.004431380598 0.000000006323 0.000000003399 0.000000006296 0.184716349179 0.000000000005
      176.52 0.009712471858 0.004439060873 0.000000006288 0.000000003491 0.000000006357 0.181616156344 0.000000000005
      177.53 0.009982538099 0.004447119287 0.000000006249 0.000000003584 0.000000006411 0.178509236279 0.000000000005
      178.53 0.010256447548 0.004455579878 0.000000006206 0.000000003675 0.000000006461 0.175390883288 0.000000000005
      179.53 0.010532739589 0.004464322765 0.000000006159 0.000000003766 0.000000006506 0.172286207594 0.000000000006
      180.54 0.010811141443 0.004473325670 0.000000006108 0.000000003856 0.000000006542 0.169199799703 0.000000000006
      181.54 0.011091653111 0.004482588592 0.000000006054 0.000000003944 0.000000006570 0.166131659617 0.000000000006
      182.54 0.011374274593 0.004492111533 0.000000005996 0.000000004032 0.000000006590 0.163081787334 0.000000000006
      183.54 0.011659005887 0.004501894490 0.000000005934 0.000000004117 0.000000006602 0.160050182855 0.000000000006
      184.55 0.011946074916 0.004511962253 0.000000005869 0.000000004202 0.000000006610 0.157033249680 0.000000000006
      185.55 0.012234562251 0.004522201739 0.000000005801 0.000000004285 0.000000006615 0.154045287836 0.000000000006
      186.55 0.012523861342 0.004532542226 0.000000005731 0.000000004367 0.000000006614 0.151095792753 0.000000000007
      187.56 0.012813972189 0.004542983713 0.000000005659 0.000000004447 0.000000006605 0.148184764432 0.000000000007
      188.56 0.013104894792 0.004553526202 0.000000005585 0.000000004525 0.000000006590 0.145312202871 0.000000000007
      189.56 0.013396629152 0.004564169692 0.000000005508 0.000000004602 0.000000006567 0.142478108072 0.000000000007
      190.57 0.013689248177 0.004574927112 0.000000005429 0.000000004677 0.000000006539 0.139681419384 0.000000000007
      191.57 0.013982469065 0.004585744929 0.000000005348 0.000000004750 0.000000006512 0.136925190706 0.000000000007
      192.57 0.014275505507 0.004596481273 0.000000005266 0.000000004820 0.000000006481 0.134220100372 0.000000000007
      193.57 0.014568357503 0.004607136144 0.000000005183 0.000000004890 0.000000006445 0.131566148383 0.000000000007
      194.58 0.014861025053 0.004617709542 0.000000005100 0.000000004957 0.000000006404 0.128963334738 0.000000000008
      195.58 0.015153508156 0.004628201468 0.000000005015 0.000000005023 0.000000006358 0.126411659439 0.000000000008
      196.58 0.015445806814 0.004638611921 0.000000004929 0.000000005088 0.000000006308 0.123911122483 0.000000000008
      197.59 0.015738035432 0.004648951517 0.000000004843 0.000000005150 0.000000006260 0.121459665852 0.000000000008
      198.59 0.016029475084 0.004659044447 0.000000004757 0.000000005211 0.000000006211 0.119063791716 0.000000000008
      199.59 0.016320037438 0.004668871614 0.000000004670 0.000000005269 0.000000006158 0.116724446630 0.000000000008
      200.60 0.016609722492 0.004678433019 0.000000004584 0.000000005325 0.000000006101 0.114441630593 0.000000000008
      201.60 0.016898530247 0.004687728661 0.000000004499 0.000000005379 0.000000006042 0.112215343606 0.000000000009
      202.60 0.017186460702 0.004696758541 0.000000004413 0.000000005431 0.000000005979 0.110045585668 0.000000000009
      203.60 0.017473559167 0.004705538696 0.000000004327 0.000000005481 0.000000005916 0.107932035052 0.000000000009
      204.61 0.017759616092 0.004713967378 0.000000004242 0.000000005530 0.000000005857 0.105873411176 0.000000000009
      205.61 0.018044441805 0.004721964712 0.000000004158 0.000000005577 0.000000005796 0.103869781680 0.000000000009
      206.61 0.018328036307 0.004729530697 0.000000004075 0.000000005622 0.000000005735 0.101921146566 0.000000000009
      207.62 0.018610399598 0.004736665335 0.000000003992 0.000000005666 0.000000005671 0.100027505832 0.000000000009
      208.62 0.018891531677 0.004743368624 0.000000003911 0.000000005708 0.000000005606 0.098188859479 0.000000000010
      209.62 0.019171432545 0.004749640566 0.000000003831 0.000000005749 0.000000005540 0.096405207507 0.000000000010
      210.63 0.019450151250 0.004755486270 0.000000003751 0.000000005788 0.000000005479 0.094675881062 0.000000000010
      211.63 0.019727515775 0.004760791068 0.000000003672 0.000000005826 0.000000005419 0.092996628967 0.000000000010
      212.63 0.020003486329 0.004765535834 0.000000003595 0.000000005863 0.000000005358 0.091366972451 0.000000000010
      213.63 0.020278062912 0.004769720567 0.000000003520 0.000000005897 0.000000005297 0.089786911513 0.000000000010
      214.64 0.020551245525 0.004773345268 0.000000003445 0.000000005930 0.000000005234 0.088256446156 0.000000000010
      215.64 0.020823034166 0.004776409937 0.000000003372 0.000000005961 0.000000005172 0.086775576377 0.000000000010
      216.64 0.021093428836 0.004778914573 0.000000003300 0.000000005991 0.000000005108 0.085344302177 0.000000000011
      217.65 0.021362418633 0.004780855088 0.000000003230 0.000000006019 0.000000005051 0.083962480217 0.000000000011
      218.65 0.021630028789 0.004782162547 0.000000003161 0.000000006048 0.000000004995 0.082622848914 0.000000000011
      219.65 0.021896263627 0.004782830354 0.000000003093 0.000000006074 0.000000004939 0.081324669196 0.000000000011
      220.65 0.022161123148 0.004782858511 0.000000003027 0.000000006100 0.000000004884 0.080067941065 0.000000000011
      221.66 0.022424607352 0.004782247016 0.000000002962 0.000000006125 0.000000004829 0.078852664520 0.000000000011
      222.66 0.022686716238 0.004780995870 0.000000002899 0.000000006148 0.000000004774 0.077678839560 0.000000000011
      223.66 0.022947449806 0.004779105073 0.000000002838 0.000000006170 0.000000004719 0.076546466187 0.000000000011
      224.67 0.023206743977 0.004776569714 0.000000002777 0.000000006191 0.000000004667 0.075456769019 0.000000000011
      225.67 0.023464675796 0.004773371998 0.000000002718 0.000000006211 0.000000004618 0.074403205858 0.000000000012
      226.67 0.023721337442 0.004769510964 0.000000002661 0.000000006231 0.000000004569 0.073382298804 0.000000000012
      227.68 0.023976728917 0.004764986614 0.000000002605 0.000000006250 0.000000004522 0.072394047859 0.000000000012
      228.68 0.024230850219 0.004759798947 0.000000002550 0.000000006268 0.000000004475 0.071438453021 0.000000000012
      229.68 0.024483701349 0.004753947963 0.000000002497 0.000000006285 0.000000004429 0.070515514290 0.000000000012
      230.68 0.024735282307 0.004747433662 0.000000002445 0.000000006302 0.000000004384 0.069625231668 0.000000000012
      231.69 0.024985593093 0.004740256044 0.000000002394 0.000000006318 0.000000004339 0.068767605153 0.000000000012
      232.69 0.025234539298 0.004732397193 0.000000002345 0.000000006333 0.000000004297 0.067944007321 0.000000000012
      233.69 0.025482277961 0.004723890872 0.000000002297 0.000000006347 0.000000004257 0.067147144332 0.000000000013
      234.70 0.025728891765 0.004714753677 0.000000002251 0.000000006361 0.000000004217 0.066374672341 0.000000000013
      235.70 0.025974380713 0.004704985608 0.000000002205 0.000000006374 0.000000004179 0.065626591349 0.000000000013
      236.70 0.026218744802 0.004694586665 0.000000002161 0.000000006386 0.000000004141 0.064902901355 0.000000000013
      237.71 0.026461984035 0.004683556847 0.000000002118 0.000000006398 0.000000004104 0.064203602361 0.000000000013
      238.71 0.026704098409 0.004671896156 0.000000002076 0.000000006410 0.000000004067 0.063528694366 0.000000000013
      239.71 0.026945087927 0.004659604591 0.000000002036 0.000000006420 0.000000004032 0.062878177369 0.000000000013
      240.71 0.027184946444 0.004646680386 0.000000001996 0.000000006431 0.000000003997 0.062252166193 0.000000000013
      241.72 0.027423519178 0.004633094567 0.000000001958 0.000000006440 0.000000003965 0.061651579502 0.000000000013
      242.72 0.027661149595 0.004618960596 0.000000001921 0.000000006449 0.000000003933 0.061068113260 0.000000000013
      243.72 0.027897837694 0.004604278472 0.000000001885 0.000000006458 0.000000003902 0.060501767467 0.000000000014
      244.73 0.028133583477 0.004589048197 0.000000001850 0.000000006467 0.000000003872 0.059952542122 0.000000000014
      245.73 0.028368386942 0.004573269771 0.000000001816 0.000000006475 0.000000003842 0.059420437226 0.000000000014
      246.73 0.028602248090 0.004556943192 0.000000001782 0.000000006483 0.000000003814 0.058905452778 0.000000000014
      247.74 0.028835166921 0.004540068461 0.000000001750 0.000000006490 0.000000003786 0.058407588779 0.000000000014
      248.74 0.029067143434 0.004522645578 0.000000001719 0.000000006498 0.000000003758 0.057926845228 0.000000000014
      249.74 0.029298177630 0.004504674544 0.000000001689 0.000000006505 0.000000003732 0.057463222126 0.000000000014
      250.74 0.029528175358 0.004486120730 0.000000001659 0.000000006511 0.000000003706 0.057017905577 0.000000000014
      251.75 0.029757243592 0.004467059499 0.000000001631 0.000000006518 0.000000003682 0.056587180056 0.000000000014
      252.75 0.029985557510 0.004447569448 0.000000001604 0.000000006523 0.000000003658 0.056167907277 0.000000000015
      253.75 0.030213117113 0.004427650576 0.000000001577 0.000000006529 0.000000003635 0.055760087240 0.000000000015
      254.76 0.030439922399 0.004407302885 0.000000001551 0.000000006535 0.000000003612 0.055363719945 0.000000000015
      255.76 0.030665973370 0.004386526373 0.000000001525 0.000000006540 0.000000003590 0.054978805392 0.000000000015
      256.76 0.030891270025 0.004365321041 0.000000001501 0.000000006545 0.000000003568 0.054605343582 0.000000000015
      257.76 0.031115812363 0.004343686888 0.000000001477 0.000000006549 0.000000003547 0.054243334514 0.000000000015
      258.77 0.031339600386 0.004321623916 0.000000001454 0.000000006553 0.000000003526 0.053892778187 0.000000000015
      259.77 0.031562634093 0.004299132123 0.000000001432 0.000000006557 0.000000003505 0.053553674603 0.000000000015
      260.77 0.031784913484 0.004276211511 0.000000001410 0.000000006561 0.000000003486 0.053226023761 0.000000000015
      261.78 0.032006242733 0.004252800422 0.000000001389 0.000000006565 0.000000003467 0.052911092408 0.000000000016
      262.78 0.032226998939 0.004229091803 0.000000001369 0.000000006568 0.000000003449 0.052603579023 0.000000000016
      263.78 0.032447201183 0.004205094026 0.000000001349 0.000000006572 0.000000003431 0.052303268987 0.000000000016
      264.79 0.032666849463 0.004180807092 0.000000001330 0.000000006575 0.000000003413 0.052010162300 0.000000000016
      265.79 0.032885943781 0.004156230999 0.000000001312 0.000000006578 0.000000003396 0.051724258961 0.000000000016
      266.79 0.033104484135 0.004131365749 0.000000001294 0.000000006581 0.000000003380 0.051445558970 0.000000000016
      267.79 0.033322470527 0.004106211341 0.000000001276 0.000000006584 0.000000003363 0.051174062328 0.000000000016
      268.80 0.033539902955 0.004080767775 0.000000001260 0.000000006586 0.000000003347 0.050909769034 0.000000000016
      269.80 0.033756781421 0.004055035051 0.000000001243 0.000000006589 0.000000003331 0.050652679089 0.000000000016
      270.80 0.033973105923 0.004029013169 0.000000001227 0.000000006591 0.000000003316 0.050402792492 0.000000000016
      271.81 0.034188876462 0.004002702129 0.000000001212 0.000000006594 0.000000003301 0.050160109244 0.000000000017
      272.81 0.034404093039 0.003976101932 0.000000001197 0.000000006596 0.000000003286 0.049924629344 0.000000000017
      273.81 0.034618532292 0.003949140857 0.000000001183 0.000000006598 0.000000003272 0.049697539233 0.000000000017
      274.82 0.034832604183 0.003922028360 0.000000001170 0.000000006599 0.000000003258 0.049474798438 0.000000000017
      275.82 0.035046320395 0.003894769592 0.000000001156 0.000000006601 0.000000003245 0.049256311407 0.000000000017
      276.82 0.035259680928 0.003867364552 0.000000001143 0.000000006603 0.000000003232 0.049042078139 0.000000000017
      277.82 0.035472685781 0.003839813240 0.000000001131 0.000000006604 0.000000003219 0.048832098636 0.000000000017
      278.83 0.035685334956 0.003812115656 0.000000001119 0.000000006606 0.000000003206 0.048626372896 0.000000000017
      279.83 0.035897628451 0.003784271800 0.000000001107 0.000000006607 0.000000003193 0.048424900921 0.000000000017
      280.83 0.036109566267 0.003756281673 0.000000001095 0.000000006608 0.000000003181 0.048227682709 0.000000000017
      281.84 0.036321148403 0.003728145274 0.000000001084 0.000000006610 0.000000003169 0.048034718261 0.000000000018
      282.84 0.036532374860 0.003699862603 0.000000001073 0.000000006611 0.000000003157 0.047846007577 0.000000000018
      283.84 0.036743245638 0.003671433661 0.000000001063 0.000000006612 0.000000003145 0.047661550657 0.000000000018
      284.85 0.036953760737 0.003642858446 0.000000001053 0.000000006613 0.000000003134 0.047481347501 0.000000000018
      285.85 0.037163920157 0.003614136960 0.000000001044 0.000000006614 0.000000003122 0.047305398108 0.000000000018
      286.85 0.037373611844 0.003585226984 0.000000001034 0.000000006615 0.000000003111 0.047134316660 0.000000000018
      287.85 0.037582868538 0.003556180651 0.000000001025 0.000000006616 0.000000003101 0.046967332198 0.000000000018
      288.86 0.037791958327 0.003527118074 0.000000001017 0.000000006616 0.000000003090 0.046802691383 0.000000000018
      289.86 0.038000881211 0.003498039252 0.000000001009 0.000000006617 0.000000003080 0.046640394217 0.000000000018
      290.86 0.038209637188 0.003468944186 0.000000001000 0.000000006618 0.000000003069 0.046480440698 0.000000000019
      291.87 0.038418226260 0.003439832876 0.000000000992 0.000000006618 0.000000003059 0.046322830826 0.000000000019
      292.87 0.038626648427 0.003410705322 0.000000000985 0.000000006619 0.000000003049 0.046167564603 0.000000000019
      293.87 0.038834903688 0.003381561523 0.000000000977 0.000000006619 0.000000003039 0.046014642027 0.000000000019
      294.88 0.039042992043 0.003352401480 0.000000000970 0.000000006619 0.000000003029 0.045864063098 0.000000000019
      295.88 0.039250913492 0.003323225192 0.000000000963 0.000000006620 0.000000003020 0.045715827818 0.000000000019
      296.88 0.039458668036 0.003294032661 0.000000000957 0.000000006620 0.000000003010 0.045569936185 0.000000000019
      297.88 0.039666255675 0.003264823885 0.000000000950 0.000000006621 0.000000003001 0.045426388199 0.000000000019
      298.89 0.039873676408 0.003235598864 0.000000000944 0.000000006621 0.000000002992 0.045285183862 0.000000000019
      299.89 0.040080930235 0.003206357600 0.000000000938 0.000000006621 0.000000002983 0.045146323172 0.000000000019
      300.89 0.040288017156 0.003177100091 0.000000000932 0.000000006622 0.000000002974 0.045009806130 0.000000000020
      301.90 0.040494937172 0.003147826337 0.000000000926 0.000000006622 0.000000002965 0.044875632735 0.000000000020
      302.90 0.040701575064 0.003118496795 0.000000000921 0.000000006622 0.000000002957 0.044744241874 0.000000000020
      303.90 0.040908017152 0.003089174712 0.000000000916 0.000000006622 0.000000002948 0.044614936458 0.000000000020
      304.90 0.041114454247 0.003059938597 0.000000000911 0.000000006623 0.000000002940 0.044486847065 0.000000000020
      305.91 0.041320886349 0.003030788448 0.000000000906 0.000000006623 0.000000002931 0.044359973694 0.000000000020
      306.91 0.041527313458 0.003001724266 0.000000000902 0.000000006623 0.000000002923 0.044234316345 0.000000000020
      307.91 0.041733735573 0.002972746051 0.000000000897 0.000000006623 0.000000002915 0.044109875018 0.000000000020
      308.92 0.041940152695 0.002943853804 0.000000000893 0.000000006623 0.000000002906 0.043986649714 0.000000000020
      309.92 0.042146564824 0.002915047523 0.000000000888 0.000000006622 0.000000002898 0.043864640432 0.000000000021
      310.92 0.042352971960 0.002886327209 0.000000000884 0.000000006622 0.000000002890 0.043743847172 0.000000000021
      311.93 0.042559374102 0.002857692862 0.000000000880 0.000000006622 0.000000002882 0.043624269934 0.000000000021
      312.93 0.042765771251 0.002829144482 0.000000000876 0.000000006622 0.000000002874 0.043505908718 0.000000000021
      313.93 0.042972163407 0.002800682069 0.000000000872 0.000000006622 0.000000002867 0.043388763525 0.000000000021
      314.93 0.043178550570 0.002772305623 0.000000000869 0.000000006622 0.000000002859 0.043272834353 0.000000000021
      315.94 0.043384932739 0.002744015144 0.000000000865 0.000000006621 0.000000002851 0.043158121204 0.000000000021
      316.94 0.043591309915 0.002715810632 0.000000000862 0.000000006621 0.000000002843 0.043044624077 0.000000000021
      317.94 0.043797682098 0.002687692087 0.000000000859 0.000000006621 0.000000002836 0.042932342973 0.000000000021
      318.95 0.044004049287 0.002659659509 0.000000000856 0.000000006620 0.000000002828 0.042821277890 0.000000000022
      319.95 0.044210411483 0.002631712898 0.000000000853 0.000000006620 0.000000002821 0.042711428830 0.000000000022
      320.95 0.044416688820 0.002603829669 0.000000000850 0.000000006620 0.000000002814 0.042603068591 0.000000000022
      321.96 0.044623021803 0.002576074870 0.000000000847 0.000000006619 0.000000002806 0.042495530637 0.000000000022
      322.96 0.044829466227 0.002548469067 0.000000000845 0.000000006619 0.000000002799 0.042388589085 0.000000000022
      323.96 0.045036022090 0.002521012261 0.000000000842 0.000000006619 0.000000002792 0.042282243937 0.000000000022
      324.96 0.045242689394 0.002493704450 0.000000000840 0.000000006618 0.000000002785 0.042176495192 0.000000000022
      325.97 0.045449468137 0.002466545635 0.000000000837 0.000000006618 0.000000002778 0.042071342850 0.000000000022
      326.97 0.045656358322 0.002439535817 0.000000000835 0.000000006617 0.000000002771 0.041966786911 0.000000000022
      327.97 0.045863359946 0.002412674994 0.000000000833 0.000000006617 0.000000002763 0.041862827375 0.000000000023
      328.98 0.046070473010 0.002385963168 0.000000000830 0.000000006617 0.000000002756 0.041759464242 0.000000000023
      329.98 0.046277697515 0.002359400338 0.000000000828 0.000000006616 0.000000002749 0.041656697513 0.000000000023
      330.98 0.046485033460 0.002332986504 0.000000000826 0.000000006616 0.000000002743 0.041554527187 0.000000000023
      331.99 0.046692480845 0.002306721666 0.000000000824 0.000000006615 0.000000002736 0.041452953264 0.000000000023
      332.99 0.046900039670 0.002280605824 0.000000000822 0.000000006615 0.000000002729 0.041351975744 0.000000000023
      333.99 0.047107709936 0.002254638978 0.000000000820 0.000000006614 0.000000002722 0.041251594627 0.000000000023
      334.99 0.047315491641 0.002228821128 0.000000000819 0.000000006614 0.000000002715 0.041151809913 0.000000000023
      336.00 0.047523384787 0.002203152275 0.000000000817 0.000000006613 0.000000002708 0.041052621602 0.000000000023
      337.00 0.047731389373 0.002177632417 0.000000000815 0.000000006613 0.000000002702 0.040954029695 0.000000000024
