        0.00 0.000500000000 0.000250000000 0.000000000000 0.000000000000 0.000000000000 0.500000000000 0.000000000000
        1.00 0.000476061804 0.000217173271 0.000000000000 0.000000000000 -0.000000000000 0.497712321565 -0.000000000000
        2.01 0.000454238223 0.000190450419 0.000000000000 -0.000000000000 -0.000000000000 0.495445072579 0.000000000000
        3.01 0.000434298071 0.000168533296 0.000000000000 -0.000000000000 -0.000000000000 0.493197719257 -0.000000000000
        4.01 0.000416055925 0.000150522653 -0.000000000000 -0.000000000000 -0.000000000000 0.490969841058 0.000000000000
        5.01 0.000399305223 0.000135491414 -0.000000000000 -0.000000000000 -0.000000000000 0.488760945659 0.000000000000
        6.02 0.000383972304 0.000123137874 -0.000000000000 -0.000000000000 -0.000000000000 0.486570873373 0.000000000000
        7.02 0.000369786940 0.000112537444 -0.000000000000 -0.000000000000 -0.000000000000 0.484398922596 0.000000000000
        8.02 0.000356751603 0.000103685511 -0.000000000000 -0.000000000000 -0.000000000000 0.482245110119 0.000000000000
        9.03 0.000344726476 0.000096191927 -0.000000000000 -0.000000000000 -0.000000000000 0.480109064592 0.000000000000
       10.03 0.000333525761 0.000089610274 -0.000000000000 -0.000000000000 -0.000000000000 0.477990200986 0.000000000000
       11.03 0.000323149460 0.000083940551 0.000000000000 -0.000000000000 -0.000000000000 0.475888519301 0.000000000000
       12.04 0.000313604048 0.000079171670 -0.000000000000 -0.000000000000 -0.000000000000 0.473804106024 0.000000000000
       13.04 0.000304667692 0.000074916023 -0.000000000000 -0.000000000000 -0.000000000000 0.471736114038 0.000000000000
       14.04 0.000296289763 0.000071095245 0.000000000000 0.000000000000 0.000000000000 0.469684322162 0.000000000000
       15.04 0.000288470260 0.000067709337 0.000000000000 -0.000000000000 -0.000000000000 0.467648730397 0.000000000000
       16.05 0.000281218567 0.000064766546 -0.000000000000 -0.000000000000 -0.000000000000 0.465629408143 0.000000000000
       17.05 0.000274489679 0.000062192891 -0.000000000000 -0.000000000000 -0.000000000000 0.463626271790 0.000000000000
       18.05 0.000268108729 0.000059806738 -0.000000000000 -0.000000000000 -0.000000000000 0.461638230189 0.000000000000
       19.06 0.000262075718 0.000057608086 0.000000000000 -0.000000000000 -0.000000000000 0.459665283338 0.000000000000
       20.06 0.000256390645 0.000055596936 0.000000000000 -0.000000000000 -0.000000000000 0.457707431239 0.000000000000
       21.06 0.000251053510 0.000053773287 0.000000000000 -0.000000000000 -0.000000000000 0.455764673890 0.000000000000
       22.07 0.000246064313 0.000052137140 0.000000000000 -0.000000000000 -0.000000000000 0.453837011293 0.000000000000
       23.07 0.000241439478 0.000050686974 -0.000000000000 -0.000000000000 -0.000000000000 0.451924883413 0.000000000000
       24.07 0.000237019437 0.000049316373 -0.000000000000 -0.000000000000 -0.000000000000 0.450026665981 0.000000000000
       25.07 0.000232799044 0.000048022309 -0.000000000000 0.000000000000 0.000000000000 0.448142297800 0.000000000000
       26.08 0.000228778301 0.000046804781 0.000000000000 0.000000000000 0.000000000000 0.446271778869 0.000000000000
       27.08 0.000224957207 0.000045663791 0.000000000000 0.000000000000 0.000000000000 0.444415109189 0.000000000000
       28.08 0.000221335762 0.000044599338 0.000000000000 -0.000000000000 -0.000000000000 0.442572288760 0.000000000000
       29.09 0.000217913966 0.000043611421 0.000000000000 -0.000000000000 -0.000000000000 0.440743317581 0.000000000000
       30.09 0.000214691819 0.000042700042 0.000000000000 -0.000000000000 -0.000000000000 0.438928195653 0.000000000000
       31.09 0.000211697995 0.000041873614 -0.000000000000 -0.000000000000 -0.000000000000 0.437127857279 0.000000000000
       32.10 0.000208817825 0.000041081709 -0.000000000000 -0.000000000000 -0.000000000000 0.435340112481 0.000000000000
       33.10 0.000206044133 0.000040321414 -0.000000000000 -0.000000000000 -0.000000000000 0.433564801822 0.000000000000
       34.10 0.000203376918 0.000039592727 -0.000000000000 -0.000000000000 -0.000000000000 0.431801925304 0.000000000000
       35.10 0.000200816181 0.000038895650 0.000000000000 -0.000000000000 -0.000000000000 0.430051482925 0.000000000000
       36.11 0.000198361921 0.000038230182 0.000000000000 -0.000000000000 -0.000000000000 0.428313474687 0.000000000000
       37.11 0.000196014139 0.000037596324 0.000000000000 -0.000000000000 -0.000000000000 0.426587900589 0.000000000000
       38.11 0.000193772834 0.000036994074 0.000000000000 -0.000000000000 -0.000000000000 0.424874760631 0.000000000000
       39.12 0.000191638007 0.000036423434 0.000000000000 -0.000000000000 -0.000000000000 0.423174054813 0.000000000000
       40.12 0.000189609657 0.000035884403 0.000000000000 -0.000000000000 -0.000000000000 0.421485783135 0.000000000000
       41.12 0.000187689142 0.000035377412 0.000000000000 -0.000000000000 -0.000000000000 0.419810006919 0.000000000000
       42.13 0.000185902617 0.000034910069 -0.000000000000 -0.000000000000 -0.000000000000 0.418148316180 0.000000000000
       43.13 0.000184169524 0.000034456147 -0.000000000000 -0.000000000000 -0.000000000000 0.416497460490 0.000000000000
       44.13 0.000182489863 0.000034015646 -0.000000000000 -0.000000000000 -0.000000000000 0.414857439848 0.000000000000
       45.13 0.000180863632 0.000033588566 -0.000000000000 -0.000000000000 -0.000000000000 0.413228254256 0.000000000000
       46.14 0.000179290833 0.000033174907 0.000000000000 -0.000000000000 -0.000000000000 0.411609903712 0.000000000000
       47.14 0.000177771466 0.000032774669 0.000000000000 -0.000000000000 -0.000000000000 0.410002388217 0.000000000000
       48.14 0.000176305530 0.000032387853 0.000000000000 -0.000000000000 -0.000000000000 0.408405707770 0.000000000000
       49.15 0.000174893026 0.000032014458 0.000000000000 0.000000000000 0.000000000000 0.406819862373 0.000000000000
       50.15 0.000173533953 0.000031654484 0.000000000000 0.000000000000 0.000000000000 0.405244852024 0.000000000000
       51.15 0.000172228311 0.000031307931 0.000000000000 0.000000000000 0.000000000000 0.403680676724 0.000000000000
       52.15 0.000170976101 0.000030974800 0.000000000000 0.000000000000 0.000000000000 0.402127336473 0.000000000000
       53.16 0.000169777322 0.000030655089 0.000000000000 0.000000000000 0.000000000000 0.400584831270 0.000000000000
       54.16 0.000168631975 0.000030348800 0.000000000000 0.000000000000 0.000000000000 0.399053161116 0.000000000000
       55.16 0.000167540059 0.000030055932 0.000000000000 0.000000000000 0.000000000000 0.397532326011 0.000000000000
       56.17 0.000166511191 0.000029779227 0.000000000000 -0.000000000000 -0.000000000000 0.396023205356 0.000000000000
       57.17 0.000165538154 0.000029516771 0.000000000000 -0.000000000000 -0.000000000000 0.394525643255 0.000000000000
       58.17 0.000164592201 0.000029260442 0.000000000000 -0.000000000000 -0.000000000000 0.393037266519 0.000000000000
       59.18 0.000163673331 0.000029010239 0.000000000000 -0.000000000000 -0.000000000000 0.391558075148 0.000000000000
       60.18 0.000162781546 0.000028766161 0.000000000000 -0.000000000000 -0.000000000000 0.390088069143 0.000000000000
       61.18 0.000161916844 0.000028528210 0.000000000000 -0.000000000000 -0.000000000000 0.388627248503 0.000000000000
       62.18 0.000161079226 0.000028296385 0.000000000000 -0.000000000000 -0.000000000000 0.387175613228 0.000000000000
       63.19 0.000160268692 0.000028070685 0.000000000001 -0.000000000000 -0.000000000000 0.385733163319 0.000000000000
       64.19 0.000159485241 0.000027851112 0.000000000001 -0.000000000000 -0.000000000000 0.384299898776 0.000000000000
       65.19 0.000158728874 0.000027637665 0.000000000001 0.000000000000 0.000000000000 0.382875819598 0.000000000000
       66.20 0.000157999591 0.000027430344 0.000000000001 0.000000000000 0.000000000000 0.381460925785 0.000000000000
       67.20 0.000157297392 0.000027229149 0.000000000001 0.000000000000 0.000000000000 0.380055217338 0.000000000000
       68.20 0.000156622277 0.000027034080 0.000000000002 0.000000000000 0.000000000000 0.378658694256 0.000000000000
       69.21 0.000155974245 0.000026845138 0.000000000002 0.000000000000 0.000000000000 0.377271356540 0.000000000000
       70.21 0.000155353297 0.000026662321 0.000000000002 0.000000000000 0.000000000000 0.375893204189 0.000000000000
       71.21 0.000154759433 0.000026485630 0.000000000003 0.000000000000 0.000000000000 0.374524237203 0.000000000000
       72.21 0.000154192652 0.000026315065 0.000000000003 0.000000000000 0.000000000000 0.373164455583 0.000000000000
       73.22 0.000153652956 0.000026150627 0.000000000003 0.000000000000 0.000000000000 0.371813859328 0.000000000000
       74.22 0.000153149379 0.000025994848 0.000000000004 -0.000000000000 -0.000000000000 0.370474027824 0.000000000000
       75.22 0.000152667464 0.000025843987 0.000000000004 -0.000000000000 -0.000000000000 0.369142882740 0.000000000000
       76.23 0.000152200606 0.000025696254 0.000000000004 -0.000000000000 -0.000000000000 0.367819360423 0.000000000000
       77.23 0.000151748806 0.000025551648 0.000000000005 -0.000000000000 -0.000000000000 0.366503460873 0.000000000000
       78.23 0.000151312062 0.000025410171 0.000000000005 -0.000000000000 -0.000000000000 0.365195184088 0.000000000000
       79.24 0.000150890377 0.000025271822 0.000000000006 -0.000000000000 -0.000000000000 0.363894530070 0.000000000000
       80.24 0.000150483748 0.000025136601 0.000000000007 -0.000000000000 -0.000000000000 0.362601498818 0.000000000000
       81.24 0.000150092177 0.000025004508 0.000000000008 -0.000000000000 -0.000000000000 0.361316090333 0.000000000000
       82.24 0.000149715663 0.000024875543 0.000000000009 0.000000000000 0.000000000000 0.360038304614 0.000000000000
       83.25 0.000149354206 0.000024749707 0.000000000011 0.000000000000 0.000000000000 0.358768141661 0.000000000000
       84.25 0.000149007807 0.000024626998 0.000000000012 0.000000000000 0.000000000000 0.357505601475 0.000000000000
       85.25 0.000148676465 0.000024507417 0.000000000014 0.000000000000 0.000000000000 0.356250684055 0.000000000000
       86.26 0.000148360180 0.000024390965 0.000000000015 0.000000000000 0.000000000000 0.355003389401 0.000000000000
       87.26 0.000148058952 0.000024277640 0.000000000017 0.000000000000 0.000000000000 0.353763717514 0.000000000000
       88.26 0.000147772782 0.000024167444 0.000000000019 0.000000000000 0.000000000000 0.352531668393 0.000000000000
       89.26 0.000147501669 0.000024060375 0.000000000021 0.000000000000 0.000000000000 0.351307242038 0.000000000000
       90.27 0.000147245614 0.000023956435 0.000000000023 0.000000000000 0.000000000000 0.350090438449 0.000000000000
       91.27 0.000147004615 0.000023855623 0.000000000026 0.000000000000 0.000000000000 0.348881257627 0.000000000000
       92.27 0.000146778674 0.000023757939 0.000000000028 0.000000000000 0.000000000000 0.347679699572 0.000000000000
       93.28 0.000146568170 0.000023664264 0.000000000031 0.000000000000 0.000000000000 0.346486888026 0.000000000000
       94.28 0.000146370792 0.000023574381 0.000000000033 0.000000000000 0.000000000000 0.345302660144 0.000000000000
       95.28 0.000146184595 0.000023486236 0.000000000036 -0.000000000000 -0.000000000000 0.344124450442 0.000000000000
       96.29 0.000146009580 0.000023399829 0.000000000039 -0.000000000000 -0.000000000000 0.342952258921 0.000000000000
       97.29 0.000145845746 0.000023315161 0.000000000042 -0.000000000000 -0.000000000000 0.341786085581 0.000000000000
       98.29 0.000145693094 0.000023232231 0.000000000046 0.000000000000 0.000000000000 0.340625930422 0.000000000000
       99.29 0.000145551624 0.000023151039 0.000000000050 0.000000000000 0.000000000000 0.339471793444 0.000000000000
      100.30 0.000145421336 0.000023071585 0.000000000054 0.000000000000 0.000000000000 0.338323674647 0.000000000000
      101.30 0.000145302229 0.000022993870 0.000000000059 0.000000000000 0.000000000000 0.337181574031 0.000000000000
      102.30 0.000145194304 0.000022917893 0.000000000064 0.000000000000 0.000000000000 0.336045491595 0.000000000000
      103.31 0.000145097561 0.000022843654 0.000000000069 0.000000000000 0.000000000000 0.334915427341 0.000000000000
      104.31 0.000145011999 0.000022771153 0.000000000075 0.000000000000 0.000000000000 0.333791381267 0.000000000001
      105.31 0.000144937619 0.000022700391 0.000000000081 0.000000000000 0.000000000000 0.332673353374 0.000000000001
      106.32 0.000144874421 0.000022631367 0.000000000088 0.000000000000 0.000000000000 0.331561343662 0.000000000001
      107.32 0.000144822405 0.000022564081 0.000000000094 0.000000000000 0.000000000000 0.330455352132 0.000000000001
      108.32 0.000144781570 0.000022498533 0.000000000101 0.000000000000 0.000000000000 0.329355378781 0.000000000001
      109.32 0.000144751917 0.000022434724 0.000000000109 0.000000000000 0.000000000000 0.328261423612 0.000000000001
      110.33 0.000144733446 0.000022372653 0.000000000116 0.000000000000 0.000000000001 0.327173486624 0.000000000001
      111.33 0.000144726156 0.000022312320 0.000000000124 0.000000000000 0.000000000001 0.326091567817 0.000000000001
      112.33 0.000144730048 0.000022253725 0.000000000133 0.000000000000 0.000000000001 0.325015667190 0.000000000001
      113.34 0.000144745122 0.000022196868 0.000000000142 0.000000000000 0.000000000001 0.323945784745 0.000000000001
      114.34 0.000144759525 0.000022141977 0.000000000151 0.000000000000 0.000000000001 0.322882723256 0.000000000001
      115.34 0.000144722415 0.000022089831 0.000000000160 0.000000000000 0.000000000001 0.321829475540 0.000000000001
      116.35 0.000144716773 0.000022038695 0.000000000170 0.000000000000 0.000000000001 0.320780080187 0.000000000001
      117.35 0.000144742598 0.000021988569 0.000000000181 0.000000000000 0.000000000001 0.319734537198 0.000000000001
      118.35 0.000144799892 0.000021939454 0.000000000191 0.000000000000 0.000000000001 0.318692846571 0.000000000001
      119.35 0.000144888654 0.000021891349 0.000000000202 0.000000000000 0.000000000001 0.317655008307 0.000000000001
      120.36 0.000145008883 0.000021844255 0.000000000214 0.000000000000 0.000000000001 0.316621022406 0.000000000001
      121.36 0.000145160580 0.000021798170 0.000000000225 0.000000000001 0.000000000002 0.315590888867 0.000000000001
      122.36 0.000145343746 0.000021753097 0.000000000238 0.000000000001 0.000000000002 0.314564607692 0.000000000002
      123.37 0.000145558379 0.000021709034 0.000000000250 0.000000000001 0.000000000002 0.313542178880 0.000000000002
      124.37 0.000145804480 0.000021665981 0.000000000263 0.000000000001 0.000000000003 0.312523602431 0.000000000002
      125.37 0.000146082049 0.000021623938 0.000000000276 0.000000000001 0.000000000003 0.311508878344 0.000000000002
      126.38 0.000146391086 0.000021582906 0.000000000289 0.000000000001 0.000000000004 0.310498006621 0.000000000002
      127.38 0.000146731591 0.000021542884 0.000000000303 0.000000000001 0.000000000004 0.309490987260 0.000000000002
      128.38 0.000147103563 0.000021503873 0.000000000318 0.000000000002 0.000000000005 0.308487820262 0.000000000002
      129.38 0.000147507004 0.000021465872 0.000000000332 0.000000000002 0.000000000006 0.307488505627 0.000000000002
      130.39 0.000147941912 0.000021428882 0.000000000347 0.000000000002 0.000000000006 0.306493043355 0.000000000002
      131.39 0.000148408289 0.000021392902 0.000000000362 0.000000000002 0.000000000007 0.305501433447 0.000000000002
      132.39 0.000148906133 0.000021357932 0.000000000378 0.000000000003 0.000000000008 0.304513675900 0.000000000003
      133.40 0.000149435445 0.000021323973 0.000000000394 0.000000000003 0.000000000009 0.303529770717 0.000000000003
      134.40 0.000149996225 0.000021291024 0.000000000410 0.000000000003 0.000000000010 0.302549717897 0.000000000003
      135.40 0.000150588473 0.000021259085 0.000000000427 0.000000000003 0.000000000011 0.301573517440 0.000000000003
      136.40 0.000151212189 0.000021228157 0.000000000444 0.000000000004 0.000000000012 0.300601169345 0.000000000003
      137.41 0.000151867373 0.000021198239 0.000000000461 0.000000000004 0.000000000013 0.299632673614 0.000000000003
      138.41 0.000152522193 0.000021169424 0.000000000478 0.000000000005 0.000000000014 0.298669389983 0.000000000003
      139.41 0.000153224089 0.000021141460 0.000000000494 0.000000000005 0.000000000015 0.297709283029 0.000000000004
      140.42 0.000154012812 0.000021114200 0.000000000510 0.000000000006 0.000000000017 0.296750652052 0.000000000004
      141.42 0.000154888362 0.000021087643 0.000000000526 0.000000000006 0.000000000018 0.295793497054 0.000000000004
      142.42 0.000155850739 0.000021061789 0.000000000543 0.000000000007 0.000000000020 0.294837818034 0.000000000004
      143.43 0.000156899942 0.000021036638 0.000000000559 0.000000000007 0.000000000021 0.293883614993 0.000000000004
      144.43 0.000158035971 0.000021012190 0.000000000576 0.000000000008 0.000000000023 0.292930887930 0.000000000005
      145.43 0.000159258828 0.000020988446 0.000000000592 0.000000000009 0.000000000025 0.291979636845 0.000000000005
      146.43 0.000160568511 0.000020965405 0.000000000609 0.000000000009 0.000000000027 0.291029861739 0.000000000005
      147.44 0.000161965021 0.000020943067 0.000000000626 0.000000000010 0.000000000029 0.290081562611 0.000000000005
      148.44 0.000163448357 0.000020921432 0.000000000643 0.000000000011 0.000000000032 0.289134739462 0.000000000005
      149.44 0.000165018520 0.000020900500 0.000000000660 0.000000000012 0.000000000034 0.288189392291 0.000000000006
      150.45 0.000166675510 0.000020880271 0.000000000677 0.000000000013 0.000000000037 0.287245521098 0.000000000006
      151.45 0.000168419327 0.000020860746 0.000000000695 0.000000000014 0.000000000039 0.286303125884 0.000000000006
      152.45 0.000170211858 0.000020842002 0.000000000713 0.000000000015 0.000000000042 0.285363641839 0.000000000006
      153.46 0.000172110793 0.000020823914 0.000000000730 0.000000000016 0.000000000045 0.284424876984 0.000000000007
      154.46 0.000174159017 0.000020806391 0.000000000748 0.000000000017 0.000000000048 0.283485211006 0.000000000007
      155.46 0.000176356529 0.000020789431 0.000000000765 0.000000000018 0.000000000051 0.282544643905 0.000000000007
      156.46 0.000178703330 0.000020773035 0.000000000782 0.000000000019 0.000000000054 0.281603175683 0.000000000008
      157.47 0.000181199419 0.000020757204 0.000000000800 0.000000000020 0.000000000057 0.280660806338 0.000000000008
      158.47 0.000183844796 0.000020741937 0.000000000817 0.000000000022 0.000000000061 0.279717535871 0.000000000008
      159.47 0.000186639462 0.000020727234 0.000000000834 0.000000000023 0.000000000065 0.278773364282 0.000000000008
      160.48 0.000189583416 0.000020713095 0.000000000850 0.000000000024 0.000000000068 0.277828291571 0.000000000009
      161.48 0.000192676659 0.000020699521 0.000000000867 0.000000000026 0.000000000072 0.276882317737 0.000000000009
      162.48 0.000195919190 0.000020686510 0.000000000884 0.000000000028 0.000000000076 0.275935442782 0.000000000010
      163.49 0.000199311010 0.000020674064 0.000000000900 0.000000000029 0.000000000081 0.274987666704 0.000000000010
      164.49 0.000202852117 0.000020662182 0.000000000917 0.000000000031 0.000000000085 0.274038989504 0.000000000010
      165.49 0.000206542514 0.000020650864 0.000000000933 0.000000000033 0.000000000090 0.273089411181 0.000000000011
      166.49 0.000210355934 0.000020640151 0.000000000949 0.000000000034 0.000000000094 0.272140158641 0.000000000011
      167.50 0.000214349583 0.000020629967 0.000000000965 0.000000000036 0.000000000099 0.271188945028 0.000000000011
      168.50 0.000218554411 0.000020620266 0.000000000981 0.000000000038 0.000000000104 0.270234423850 0.000000000012
      169.50 0.000222970420 0.000020611050 0.000000000997 0.000000000040 0.000000000109 0.269276595108 0.000000000012
      170.51 0.000227597608 0.000020602317 0.000000001012 0.000000000042 0.000000000114 0.268315458801 0.000000000013
      171.51 0.000232435976 0.000020594069 0.000000001027 0.000000000044 0.000000000119 0.267351014930 0.000000000013
      172.51 0.000237485524 0.000020586304 0.000000001042 0.000000000047 0.000000000125 0.266383263495 0.000000000014
      173.51 0.000242746252 0.000020579024 0.000000001057 0.000000000049 0.000000000130 0.265412204496 0.000000000014
      174.52 0.000248218159 0.000020572227 0.000000001071 0.000000000051 0.000000000136 0.264437837932 0.000000000015
      175.52 0.000253901247 0.000020565915 0.000000001086 0.000000000054 0.000000000142 0.263460163804 0.000000000015
      176.52 0.000259795514 0.000020560086 0.000000001100 0.000000000056 0.000000000148 0.262479182112 0.000000000016
      177.53 0.000265900961 0.000020554742 0.000000001114 0.000000000059 0.000000000154 0.261494892855 0.000000000016
      178.53 0.000272217588 0.000020549881 0.000000001127 0.000000000061 0.000000000160 0.260507296035 0.000000000017
      179.53 0.000278732645 0.000020545529 0.000000001141 0.000000000064 0.000000000166 0.259517170166 0.000000000017
      180.54 0.000285476024 0.000020541661 0.000000001154 0.000000000067 0.000000000173 0.258523235821 0.000000000018
      181.54 0.000292477559 0.000020538232 0.000000001167 0.000000000069 0.000000000179 0.257523886092 0.000000000019
      182.54 0.000299737251 0.000020535243 0.000000001180 0.000000000072 0.000000000186 0.256519120982 0.000000000019
      183.54 0.000307255098 0.000020532693 0.000000001192 0.000000000075 0.000000000193 0.255508940489 0.000000000020
      184.55 0.000315031102 0.000020530582 0.000000001205 0.000000000078 0.000000000200 0.254493344614 0.000000000020
      185.55 0.000323065262 0.000020528911 0.000000001216 0.000000000081 0.000000000207 0.253472333356 0.000000000021
      186.55 0.000331357578 0.000020527678 0.000000001228 0.000000000084 0.000000000214 0.252445906716 0.000000000022
      187.56 0.000339908050 0.000020526886 0.000000001239 0.000000000087 0.000000000221 0.251414064693 0.000000000023
      188.56 0.000348716679 0.000020526532 0.000000001250 0.000000000091 0.000000000228 0.250376807289 0.000000000023
      189.56 0.000357783464 0.000020526618 0.000000001261 0.000000000094 0.000000000235 0.249334134502 0.000000000024
      190.57 0.000367108405 0.000020527143 0.000000001271 0.000000000097 0.000000000242 0.248286046332 0.000000000025
      191.57 0.000376691502 0.000020528107 0.000000001281 0.000000000101 0.000000000250 0.247232542780 0.000000000025
      192.57 0.000386532756 0.000020529511 0.000000001290 0.000000000104 0.000000000257 0.246173623846 0.000000000026
      193.57 0.000396642121 0.000020531409 0.000000001300 0.000000000108 0.000000000265 0.245109683281 0.000000000027
      194.58 0.000407029585 0.000020533711 0.000000001310 0.000000000111 0.000000000273 0.244038896661 0.000000000028
      195.58 0.000417695145 0.000020536419 0.000000001318 0.000000000115 0.000000000281 0.242961252442 0.000000000029
      196.58 0.000428638803 0.000020539531 0.000000001327 0.000000000119 0.000000000288 0.241876750624 0.000000000030
      197.59 0.000439860558 0.000020543047 0.000000001335 0.000000000122 0.000000000296 0.240785391206 0.000000000030
      198.59 0.000451360410 0.000020546968 0.000000001343 0.000000000126 0.000000000304 0.239687174188 0.000000000031
      199.59 0.000463138359 0.000020551294 0.000000001351 0.000000000130 0.000000000311 0.238582099571 0.000000000032
      200.60 0.000475194405 0.000020556024 0.000000001358 0.000000000134 0.000000000319 0.237470167354 0.000000000033
      201.60 0.000487528548 0.000020561158 0.000000001365 0.000000000138 0.000000000327 0.236351377538 0.000000000034
      202.60 0.000500140789 0.000020566697 0.000000001371 0.000000000142 0.000000000335 0.235225730122 0.000000000035
      203.60 0.000513031127 0.000020572641 0.000000001377 0.000000000146 0.000000000342 0.234093225107 0.000000000036
      204.61 0.000526199561 0.000020578989 0.000000001383 0.000000000150 0.000000000350 0.232953862492 0.000000000037
      205.61 0.000539646093 0.000020585742 0.000000001388 0.000000000154 0.000000000358 0.231807642278 0.000000000038
      206.61 0.000553370722 0.000020592900 0.000000001393 0.000000000158 0.000000000366 0.230654564464 0.000000000039
      207.62 0.000567395529 0.000020600506 0.000000001398 0.000000000162 0.000000000373 0.229494278759 0.000000000040
      208.62 0.000581713488 0.000020608535 0.000000001402 0.000000000166 0.000000000381 0.228326572810 0.000000000041
      209.62 0.000596291478 0.000020616915 0.000000001407 0.000000000170 0.000000000389 0.227151846226 0.000000000042
      210.63 0.000611129499 0.000020625646 0.000000001410 0.000000000175 0.000000000397 0.225970099007 0.000000000043
      211.63 0.000626227552 0.000020634727 0.000000001414 0.000000000179 0.000000000404 0.224781331153 0.000000000044
      212.63 0.000641585635 0.000020644159 0.000000001417 0.000000000183 0.000000000412 0.223585542665 0.000000000045
      213.63 0.000657203750 0.000020653941 0.000000001419 0.000000000188 0.000000000419 0.222382733541 0.000000000047
      214.64 0.000673081895 0.000020664075 0.000000001422 0.000000000192 0.000000000426 0.221172903783 0.000000000048
      215.64 0.000689220072 0.000020674559 0.000000001424 0.000000000196 0.000000000434 0.219956053391 0.000000000049
      216.64 0.000705618280 0.000020685393 0.000000001425 0.000000000201 0.000000000441 0.218732182363 0.000000000050
      217.65 0.000722276520 0.000020696578 0.000000001426 0.000000000205 0.000000000448 0.217501290701 0.000000000051
      218.65 0.000739194790 0.000020708114 0.000000001427 0.000000000209 0.000000000455 0.216263378404 0.000000000053
      219.65 0.000756373092 0.000020720001 0.000000001427 0.000000000214 0.000000000462 0.215018445472 0.000000000054
      220.65 0.000773811424 0.000020732238 0.000000001427 0.000000000218 0.000000000468 0.213766491905 0.000000000055
      221.66 0.000791509788 0.000020744826 0.000000001427 0.000000000223 0.000000000475 0.212507517704 0.000000000056
      222.66 0.000809510867 0.000020757849 0.000000001426 0.000000000227 0.000000000482 0.211240284796 0.000000000058
      223.66 0.000827769872 0.000020771219 0.000000001426 0.000000000232 0.000000000488 0.209966020469 0.000000000059
      224.67 0.000846236328 0.000020784837 0.000000001424 0.000000000236 0.000000000495 0.208686166598 0.000000000060
      225.67 0.000864910235 0.000020798704 0.000000001423 0.000000000241 0.000000000501 0.207400723184 0.000000000062
      226.67 0.000883791593 0.000020812818 0.000000001421 0.000000000245 0.000000000507 0.206109690227 0.000000000063
      227.68 0.000902880403 0.000020827180 0.000000001419 0.000000000249 0.000000000513 0.204813067726 0.000000000064
      228.68 0.000922176664 0.000020841790 0.000000001416 0.000000000254 0.000000000519 0.203510855682 0.000000000066
      229.68 0.000941680376 0.000020856648 0.000000001413 0.000000000258 0.000000000524 0.202203054095 0.000000000067
      230.68 0.000961391539 0.000020871754 0.000000001410 0.000000000263 0.000000000530 0.200889662964 0.000000000069
      231.69 0.000981310154 0.000020887108 0.000000001406 0.000000000267 0.000000000535 0.199570682290 0.000000000070
      232.69 0.001001436220 0.000020902709 0.000000001402 0.000000000271 0.000000000540 0.198246112072 0.000000000071
      233.69 0.001021769737 0.000020918559 0.000000001398 0.000000000276 0.000000000545 0.196915952312 0.000000000073
      234.70 0.001042310706 0.000020934657 0.000000001393 0.000000000280 0.000000000550 0.195580203007 0.000000000074
      235.70 0.001063059125 0.000020951003 0.000000001388 0.000000000284 0.000000000554 0.194238864160 0.000000000076
      236.70 0.001084014997 0.000020967596 0.000000001383 0.000000000289 0.000000000559 0.192891935769 0.000000000077
      237.71 0.001105240860 0.000020984590 0.000000001377 0.000000000293 0.000000000563 0.191537260486 0.000000000079
      238.71 0.001126623159 0.000021001704 0.000000001371 0.000000000297 0.000000000567 0.190179035430 0.000000000080
      239.71 0.001148144036 0.000021018896 0.000000001365 0.000000000302 0.000000000571 0.188817901583 0.000000000082
      240.71 0.001169803489 0.000021036166 0.000000001358 0.000000000306 0.000000000575 0.187453858947 0.000000000084
      241.72 0.001191601520 0.000021053513 0.000000001352 0.000000000310 0.000000000578 0.186086907520 0.000000000085
      242.72 0.001213538128 0.000021070937 0.000000001345 0.000000000314 0.000000000582 0.184717047303 0.000000000087
      243.72 0.001235613313 0.000021088439 0.000000001337 0.000000000318 0.000000000585 0.183344278296 0.000000000088
      244.73 0.001257827074 0.000021106019 0.000000001330 0.000000000322 0.000000000588 0.181968600499 0.000000000090
      245.73 0.001280179413 0.000021123676 0.000000001322 0.000000000326 0.000000000591 0.180590013912 0.000000000092
      246.73 0.001302670329 0.000021141410 0.000000001314 0.000000000330 0.000000000593 0.179208518534 0.000000000093
      247.74 0.001325299823 0.000021159222 0.000000001305 0.000000000334 0.000000000596 0.177824114367 0.000000000095
      248.74 0.001348067893 0.000021177112 0.000000001297 0.000000000338 0.000000000598 0.176436801409 0.000000000096
      249.74 0.001370974540 0.000021195079 0.000000001288 0.000000000342 0.000000000600 0.175046579662 0.000000000098
      250.74 0.001394019764 0.000021213123 0.000000001279 0.000000000346 0.000000000601 0.173653449124 0.000000000100
      251.75 0.001417252073 0.000021231411 0.000000001269 0.000000000349 0.000000000603 0.172255232831 0.000000000101
      252.75 0.001440562224 0.000021249556 0.000000001260 0.000000000353 0.000000000605 0.170857083764 0.000000000103
      253.75 0.001463945845 0.000021267546 0.000000001250 0.000000000357 0.000000000606 0.169459204839 0.000000000105
      254.76 0.001487402936 0.000021285379 0.000000001240 0.000000000360 0.000000000607 0.168061596057 0.000000000106
      255.76 0.001510933498 0.000021303055 0.000000001230 0.000000000364 0.000000000608 0.166664257418 0.000000000108
      256.76 0.001534537529 0.000021320574 0.000000001219 0.000000000368 0.000000000609 0.165267188922 0.000000000110
      257.76 0.001558215031 0.000021337937 0.000000001209 0.000000000371 0.000000000609 0.163870390569 0.000000000111
      258.77 0.001581966002 0.000021355144 0.000000001198 0.000000000375 0.000000000610 0.162473862358 0.000000000113
      259.77 0.001605790444 0.000021372194 0.000000001187 0.000000000378 0.000000000610 0.161077604289 0.000000000115
      260.77 0.001629688356 0.000021389088 0.000000001176 0.000000000381 0.000000000610 0.159681616364 0.000000000116
      261.78 0.001653659738 0.000021405824 0.000000001165 0.000000000384 0.000000000609 0.158285898581 0.000000000118
      262.78 0.001677704590 0.000021422405 0.000000001153 0.000000000388 0.000000000609 0.156890450941 0.000000000120
      263.78 0.001701822912 0.000021438829 0.000000001142 0.000000000391 0.000000000608 0.155495273443 0.000000000121
      264.79 0.001726050088 0.000021455264 0.000000001130 0.000000000394 0.000000000608 0.154097990496 0.000000000123
      265.79 0.001750301597 0.000021471286 0.000000001118 0.000000000397 0.000000000607 0.152703763126 0.000000000125
      266.79 0.001774571906 0.000021486867 0.000000001106 0.000000000400 0.000000000606 0.151312940212 0.000000000126
      267.79 0.001798861016 0.000021502007 0.000000001094 0.000000000403 0.000000000605 0.149925521755 0.000000000128
      268.80 0.001823168927 0.000021516705 0.000000001082 0.000000000406 0.000000000604 0.148541507756 0.000000000130
      269.80 0.001847495640 0.000021530962 0.000000001070 0.000000000409 0.000000000603 0.147160898213 0.000000000132
      270.80 0.001871841153 0.000021544777 0.000000001057 0.000000000412 0.000000000601 0.145783693128 0.000000000133
      271.81 0.001896205467 0.000021558152 0.000000001045 0.000000000414 0.000000000599 0.144409892500 0.000000000135
      272.81 0.001920588583 0.000021571085 0.000000001032 0.000000000417 0.000000000597 0.143039496329 0.000000000137
      273.81 0.001944990499 0.000021583577 0.000000001020 0.000000000420 0.000000000595 0.141672504614 0.000000000138
      274.82 0.001969411217 0.000021595627 0.000000001007 0.000000000422 0.000000000593 0.140308917358 0.000000000140
      275.82 0.001993850735 0.000021607236 0.000000000994 0.000000000425 0.000000000591 0.138948734558 0.000000000142
      276.82 0.002018310725 0.000021618418 0.000000000982 0.000000000427 0.000000000588 0.137591820915 0.000000000143
      277.82 0.002042803119 0.000021629265 0.000000000969 0.000000000430 0.000000000585 0.136236906680 0.000000000145
      278.83 0.002067275259 0.000021639360 0.000000000956 0.000000000432 0.000000000583 0.134887983934 0.000000000146
      279.83 0.002091727142 0.000021648701 0.000000000943 0.000000000434 0.000000000580 0.133545052678 0.000000000148
      280.83 0.002116158771 0.000021657290 0.000000000930 0.000000000436 0.000000000577 0.132208112912 0.000000000150
      281.84 0.002140570144 0.000021665125 0.000000000917 0.000000000439 0.000000000575 0.130877164636 0.000000000151
      282.84 0.002164961261 0.000021672208 0.000000000904 0.000000000441 0.000000000572 0.129552207849 0.000000000153
      283.84 0.002189332123 0.000021678537 0.000000000891 0.000000000443 0.000000000568 0.128233242552 0.000000000155
      284.85 0.002213682730 0.000021684114 0.000000000879 0.000000000445 0.000000000565 0.126920268745 0.000000000156
      285.85 0.002238013081 0.000021688937 0.000000000866 0.000000000447 0.000000000562 0.125613286428 0.000000000158
      286.85 0.002262323176 0.000021693008 0.000000000853 0.000000000449 0.000000000558 0.124312295600 0.000000000159
      287.85 0.002286613017 0.000021696325 0.000000000840 0.000000000451 0.000000000555 0.123017296263 0.000000000161
      288.86 0.002310882601 0.000021698890 0.000000000827 0.000000000453 0.000000000551 0.121728288415 0.000000000162
      289.86 0.002335138573 0.000021700800 0.000000000814 0.000000000454 0.000000000547 0.120444235897 0.000000000164
      290.86 0.002359352820 0.000021701735 0.000000000802 0.000000000456 0.000000000544 0.119167432971 0.000000000166
      291.87 0.002383519586 0.000021701623 0.000000000789 0.000000000458 0.000000000540 0.117898471543 0.000000000167
      292.87 0.002407638869 0.000021700464 0.000000000776 0.000000000460 0.000000000536 0.116637351613 0.000000000169
      293.87 0.002431710671 0.000021698259 0.000000000764 0.000000000461 0.000000000532 0.115384073181 0.000000000170
      294.88 0.002455734991 0.000021695006 0.000000000751 0.000000000463 0.000000000528 0.114138636246 0.000000000172
      295.88 0.002479711830 0.000021690706 0.000000000739 0.000000000464 0.000000000524 0.112901040810 0.000000000173
      296.88 0.002503641186 0.000021685359 0.000000000727 0.000000000466 0.000000000520 0.111671286871 0.000000000174
      297.88 0.002527523061 0.000021678966 0.000000000714 0.000000000467 0.000000000516 0.110449374430 0.000000000176
      298.89 0.002551357454 0.000021671525 0.000000000702 0.000000000469 0.000000000512 0.109235303487 0.000000000177
      299.89 0.002575144366 0.000021663038 0.000000000690 0.000000000470 0.000000000508 0.108029074041 0.000000000179
      300.89 0.002598883795 0.000021653503 0.000000000678 0.000000000471 0.000000000503 0.106830686094 0.000000000180
      301.90 0.002622576593 0.000021642986 0.000000000666 0.000000000473 0.000000000499 0.105639356831 0.000000000182
      302.90 0.002646204492 0.000021631200 0.000000000654 0.000000000474 0.000000000495 0.104456825720 0.000000000183
      303.90 0.002669766416 0.000021618123 0.000000000643 0.000000000475 0.000000000491 0.103283243249 0.000000000184
      304.90 0.002693262366 0.000021603755 0.000000000631 0.000000000476 0.000000000486 0.102118609417 0.000000000186
      305.91 0.002716692342 0.000021588097 0.000000000620 0.000000000477 0.000000000482 0.100962924225 0.000000000187
      306.91 0.002740056344 0.000021571149 0.000000000608 0.000000000479 0.000000000478 0.099816187671 0.000000000188
      307.91 0.002763354371 0.000021552910 0.000000000597 0.000000000480 0.000000000473 0.098678399758 0.000000000190
      308.92 0.002786586425 0.000021533381 0.000000000586 0.000000000481 0.000000000469 0.097549560483 0.000000000191
      309.92 0.002809752504 0.000021512562 0.000000000575 0.000000000482 0.000000000464 0.096429669848 0.000000000192
      310.92 0.002832852609 0.000021490452 0.000000000564 0.000000000483 0.000000000460 0.095318727852 0.000000000194
      311.93 0.002855886740 0.000021467051 0.000000000553 0.000000000484 0.000000000455 0.094216734496 0.000000000195
      312.93 0.002878854533 0.000021442385 0.000000000543 0.000000000485 0.000000000451 0.093123502123 0.000000000196
      313.93 0.002901747160 0.000021416379 0.000000000532 0.000000000485 0.000000000446 0.092039061208 0.000000000197
      314.93 0.002924560945 0.000021388918 0.000000000522 0.000000000486 0.000000000442 0.090964036606 0.000000000198
      315.94 0.002947295887 0.000021360000 0.000000000512 0.000000000487 0.000000000438 0.089898428318 0.000000000200
      316.94 0.002969951986 0.000021329625 0.000000000502 0.000000000488 0.000000000433 0.088842236343 0.000000000201
      317.94 0.002992529242 0.000021297794 0.000000000492 0.000000000489 0.000000000429 0.087795460682 0.000000000202
      318.95 0.003015027655 0.000021264506 0.000000000482 0.000000000489 0.000000000424 0.086758101334 0.000000000203
      319.95 0.003037447225 0.000021229762 0.000000000473 0.000000000490 0.000000000420 0.085730158300 0.000000000204
      320.95 0.003059787953 0.000021193562 0.000000000463 0.000000000491 0.000000000416 0.084711631579 0.000000000205
      321.96 0.003082049838 0.000021155905 0.000000000454 0.000000000492 0.000000000411 0.083702521171 0.000000000207
      322.96 0.003104232880 0.000021116791 0.000000000445 0.000000000492 0.000000000407 0.082702827077 0.000000000208
      323.96 0.003126337079 0.000021076221 0.000000000436 0.000000000493 0.000000000402 0.081712549297 0.000000000209
      324.96 0.003148358360 0.000021034192 0.000000000427 0.000000000494 0.000000000398 0.080731520204 0.000000000210
      325.97 0.003170290299 0.000020990646 0.000000000418 0.000000000494 0.000000000394 0.079759825925 0.000000000211
      326.97 0.003192132921 0.000020945575 0.000000000410 0.000000000495 0.000000000389 0.078797514799 0.000000000212
      327.97 0.003213886228 0.000020898979 0.000000000402 0.000000000495 0.000000000385 0.077844586825 0.000000000213
      328.98 0.003235550219 0.000020850859 0.000000000393 0.000000000496 0.000000000381 0.076901042004 0.000000000214
      329.98 0.003257124894 0.000020801214 0.000000000385 0.000000000496 0.000000000377 0.075966880336 0.000000000215
      330.98 0.003278610253 0.000020750045 0.000000000377 0.000000000497 0.000000000373 0.075042101820 0.000000000216
      331.99 0.003300006296 0.000020697351 0.000000000370 0.000000000497 0.000000000368 0.074126706456 0.000000000217
      332.99 0.003321313023 0.000020643132 0.000000000362 0.000000000498 0.000000000364 0.073220694245 0.000000000218
      333.99 0.003342530434 0.000020587389 0.000000000355 0.000000000498 0.000000000360 0.072324065187 0.000000000219
      334.99 0.003363658530 0.000020530122 0.000000000347 0.000000000499 0.000000000356 0.071436819282 0.000000000220
      336.00 0.003384702144 0.000020471298 0.000000000340 0.000000000499 0.000000000352 0.070559013990 0.000000000220
      337.00 0.003405676464 0.000020410787 0.000000000333 0.000000000500 0.000000000348 0.069690768566 0.000000000221
