        0.00 0.002000000000 0.004000000000 0.000000000000 0.000000000000 0.000000000000 0.500000000000 0.000000000000
        1.00 0.001904295898 0.003475390530 0.000000000000 0.000000000000 0.000000000000 0.497406082070 0.000000000000
        2.01 0.001817128815 0.003049144546 0.000000000000 0.000000000000 0.000000000000 0.494856847268 0.000000000000
        3.01 0.001737559472 0.002700271529 0.000000000000 0.000000000000 0.000000000000 0.492348167666 0.000000000000
        4.01 0.001664783359 0.002412907510 0.000000000000 0.000000000000 0.000000000000 0.489876755522 0.000000000000
        5.01 0.001598087778 0.002174598238 0.000000000000 -0.000000000000 -0.000000000000 0.487439881264 0.000000000000
        6.02 0.001536844494 0.001975601602 0.000000000000 -0.000000000000 -0.000000000000 0.485035275464 0.000000000000
        7.02 0.001480496590 0.001808241422 0.000000000000 0.000000000000 0.000000000000 0.482661027686 0.000000000000
        8.02 0.001428531366 0.001666281118 0.000000000000 0.000000000000 0.000000000000 0.480315460144 0.000000000000
        9.03 0.001380549488 0.001545350120 0.000000000000 0.000000000000 0.000000000000 0.477997310264 0.000000000000
       10.03 0.001336176312 0.001441692301 0.000000000000 0.000000000000 0.000000000000 0.475705419867 0.000000000000
       11.03 0.001294993063 0.001351682466 0.000000000000 0.000000000000 0.000000000000 0.473438531585 0.000000000000
       12.04 0.001256820309 0.001273845023 0.000000000000 0.000000000000 0.000000000000 0.471196112676 0.000000000000
       13.04 0.001221241920 0.001205211672 0.000000000000 0.000000000000 0.000000000000 0.468976931316 0.000000000000
       14.04 0.001188177553 0.001145225725 0.000000000000 0.000000000000 0.000000000000 0.466780753999 0.000000000000
       15.04 0.001157256528 0.001091707056 0.000000000000 0.000000000000 0.000000000000 0.464606473082 0.000000000000
       16.05 0.001128408349 0.001044242389 0.000000000000 -0.000000000000 -0.000000000000 0.462453878684 0.000000000000
       17.05 0.001101404485 0.001001711507 0.000000000000 -0.000000000000 -0.000000000000 0.460322271099 0.000000000000
       18.05 0.001076050745 0.000963221921 0.000000000000 -0.000000000000 -0.000000000000 0.458211035761 0.000000000000
       19.06 0.001052340302 0.000928726105 0.000000000000 -0.000000000000 -0.000000000000 0.456120162463 0.000000000000
       20.06 0.001029998687 0.000897169618 0.000000000000 -0.000000000000 -0.000000000000 0.454048724875 0.000000000000
       21.06 0.001008954518 0.000868293221 0.000000000000 -0.000000000000 -0.000000000000 0.451996473038 0.000000000000
       22.07 0.000989212336 0.000842095198 0.000000000000 0.000000000000 0.000000000000 0.449963444628 0.000000000000
       23.07 0.000970542030 0.000817863707 0.000000000000 0.000000000000 0.000000000000 0.447948762546 0.000000000000
       24.07 0.000952869438 0.000795382632 0.000000000000 0.000000000000 0.000000000000 0.445952126930 0.000000000000
       25.07 0.000936194558 0.000774651973 0.000000000000 -0.000000000000 -0.000000000000 0.443973537778 0.000000000000
       26.08 0.000920487809 0.000755575484 0.000000000000 -0.000000000000 -0.000000000000 0.442012938113 0.000000000000
       27.08 0.000905529164 0.000737626748 0.000000000000 -0.000000000000 -0.000000000000 0.440069251913 0.000000000000
       28.08 0.000891314944 0.000720797499 0.000000000000 -0.000000000000 -0.000000000000 0.438142459333 0.000000000000
       29.09 0.000877845149 0.000705087738 0.000000000000 -0.000000000000 -0.000000000000 0.436232560374 0.000000000000
       30.09 0.000865136932 0.000690521220 0.000000000000 -0.000000000000 -0.000000000000 0.434339733908 0.000000000000
       31.09 0.000853013907 0.000676747850 0.000000000000 -0.000000000000 -0.000000000000 0.432462952047 0.000000000000
       32.10 0.000841426323 0.000663674164 0.000000000000 -0.000000000000 -0.000000000000 0.430601884404 0.000000000000
       33.10 0.000830374181 0.000651300162 0.000000000000 -0.000000000000 -0.000000000000 0.428756530979 0.000000000000
       34.10 0.000819857481 0.000639625846 0.000000000000 -0.000000000000 -0.000000000000 0.426926891773 0.000000000000
       35.10 0.000809894369 0.000628678230 0.000000000000 0.000000000000 0.000000000000 0.425113154090 0.000000000000
       36.11 0.000800416547 0.000618339855 0.000000000000 0.000000000000 0.000000000000 0.423314894914 0.000000000000
       37.11 0.000791308135 0.000608428778 0.000000000000 0.000000000000 0.000000000000 0.421531086518 0.000000000000
       38.11 0.000782569134 0.000598945001 0.000000000000 0.000000000000 0.000000000000 0.419761728902 0.000000000000
       39.12 0.000774199542 0.000589888521 0.000000000000 0.000000000000 0.000000000000 0.418006822067 0.000000000000
       40.12 0.000766199361 0.000581259340 0.000000000000 0.000000000000 0.000000000000 0.416266366012 0.000000000000
       41.12 0.000758568590 0.000573057457 0.000000000000 0.000000000000 0.000000000000 0.414540360738 0.000000000000
       42.13 0.000751336066 0.000565320081 0.000000000000 0.000000000000 0.000000000000 0.412829246354 0.000000000000
       43.13 0.000744413748 0.000557926000 0.000000000000 -0.000000000000 -0.000000000000 0.411132098030 0.000000000000
       44.13 0.000737734734 0.000550786107 0.000000000000 -0.000000000000 -0.000000000000 0.409448047634 0.000000000000
       45.13 0.000731299024 0.000543900404 0.000000000000 0.000000000000 0.000000000000 0.407777095165 0.000000000000
       46.14 0.000725106618 0.000537268889 0.000000000000 0.000000000000 0.000000000000 0.406119240624 0.000000000000
       47.14 0.000719157516 0.000530891563 0.000000000000 0.000000000000 0.000000000000 0.404474484010 0.000000000000
       48.14 0.000713451719 0.000524768426 0.000000000000 0.000000000000 0.000000000000 0.402842825325 0.000000000000
       49.15 0.000707989226 0.000518899478 0.000000000000 0.000000000000 0.000000000000 0.401224264567 0.000000000000
       50.15 0.000702770037 0.000513284719 0.000000000000 0.000000000000 0.000000000000 0.399618801736 0.000000000000
       51.15 0.000697830027 0.000507966711 0.000000000000 -0.000000000000 -0.000000000000 0.398027283027 0.000000000000
       52.15 0.000693072307 0.000502830327 0.000000000000 -0.000000000000 -0.000000000000 0.396447971421 0.000000000000
       53.16 0.000688468259 0.000497841586 0.000000000000 -0.000000000000 -0.000000000000 0.394880288085 0.000000000000
       54.16 0.000684017885 0.000493000489 0.000000000000 -0.000000000000 -0.000000000000 0.393324233020 0.000000000000
       55.16 0.000679721183 0.000488307035 0.000000000001 -0.000000000000 -0.000000000000 0.391779806226 0.000000000000
       56.17 0.000675578155 0.000483761226 0.000000000001 0.000000000000 0.000000000000 0.390247007702 0.000000000000
       57.17 0.000671588799 0.000479363060 0.000000000001 0.000000000000 0.000000000000 0.388725837448 0.000000000000
       58.17 0.000667753117 0.000475112538 0.000000000001 0.000000000000 0.000000000000 0.387216295465 0.000000000000
       59.18 0.000664071108 0.000471009659 0.000000000002 0.000000000000 0.000000000000 0.385718381752 0.000000000000
       60.18 0.000660542772 0.000467054425 0.000000000002 0.000000000000 0.000000000000 0.384232096309 0.000000000000
       61.18 0.000657168109 0.000463246834 0.000000000003 0.000000000000 0.000000000000 0.382757439137 0.000000000000
       62.18 0.000653974002 0.000459617346 0.000000000003 -0.000000000000 -0.000000000000 0.381295356235 0.000000000000
       63.19 0.000650915986 0.000456118343 0.000000000003 -0.000000000000 -0.000000000000 0.379844686298 0.000000000000
       64.19 0.000647952593 0.000452703763 0.000000000003 -0.000000000000 -0.000000000000 0.378404104126 0.000000000000
       65.19 0.000645083823 0.000449373604 0.000000000004 -0.000000000000 -0.000000000000 0.376973609717 0.000000000000
       66.20 0.000642309677 0.000446127867 0.000000000006 -0.000000000000 -0.000000000000 0.375553203073 0.000000000000
       67.20 0.000639630154 0.000442966552 0.000000000007 -0.000000000000 -0.000000000000 0.374142884191 0.000000000000
       68.20 0.000637045254 0.000439889659 0.000000000009 0.000000000000 0.000000000000 0.372742653074 0.000000000000
       69.21 0.000634554978 0.000436897187 0.000000000011 0.000000000000 0.000000000000 0.371352509720 0.000000000000
       70.21 0.000632159325 0.000433989137 0.000000000013 0.000000000000 0.000000000000 0.369972454130 0.000000000000
       71.21 0.000629858295 0.000431165509 0.000000000016 0.000000000000 0.000000000000 0.368602486303 0.000000000000
       72.21 0.000627651889 0.000428426302 0.000000000019 0.000000000000 0.000000000000 0.367242606241 0.000000000000
       73.22 0.000625540106 0.000425771518 0.000000000023 0.000000000000 0.000000000000 0.365892813941 0.000000000000
       74.22 0.000623522946 0.000423201155 0.000000000026 0.000000000000 0.000000000000 0.364553109406 0.000000000000
       75.22 0.000621600410 0.000420715213 0.000000000030 0.000000000000 0.000000000000 0.363223492634 0.000000000000
       76.23 0.000619784387 0.000418338230 0.000000000034 -0.000000000000 -0.000000000000 0.361905327595 0.000000000000
       77.23 0.000618054726 0.000416048902 0.000000000037 -0.000000000000 -0.000000000000 0.360597691415 0.000000000000
       78.23 0.000616388006 0.000413806639 0.000000000041 -0.000000000000 -0.000000000000 0.359298427345 0.000000000000
       79.24 0.000614784228 0.000411611442 0.000000000047 -0.000000000000 -0.000000000000 0.358007535385 0.000000000000
       80.24 0.000613243390 0.000409463310 0.000000000054 -0.000000000000 -0.000000000000 0.356725015537 0.000000000000
       81.24 0.000611765494 0.000407362244 0.000000000063 -0.000000000000 -0.000000000000 0.355450867798 0.000000000000
       82.24 0.000610350539 0.000405308243 0.000000000073 -0.000000000000 -0.000000000000 0.354185092170 0.000000000000
       83.25 0.000608998525 0.000403301308 0.000000000084 -0.000000000000 -0.000000000000 0.352927688653 0.000000000000
       84.25 0.000607709452 0.000401341438 0.000000000097 0.000000000000 0.000000000000 0.351678657246 0.000000000000
       85.25 0.000606483321 0.000399428634 0.000000000112 0.000000000000 0.000000000000 0.350437997949 0.000000000000
       86.26 0.000605320130 0.000397562895 0.000000000127 0.000000000000 0.000000000000 0.349205710763 0.000000000000
       87.26 0.000604219881 0.000395744222 0.000000000145 0.000000000000 0.000000000000 0.347981795687 0.000000000000
       88.26 0.000603182573 0.000393972614 0.000000000163 0.000000000000 0.000000000001 0.346766252722 0.000000000000
       89.26 0.000602208206 0.000392248072 0.000000000183 0.000000000000 0.000000000001 0.345559081867 0.000000000000
       90.27 0.000601296780 0.000390570595 0.000000000205 0.000000000000 0.000000000001 0.344360283123 0.000000000000
       91.27 0.000600448296 0.000388940184 0.000000000228 0.000000000000 0.000000000001 0.343169856489 0.000000000000
       92.27 0.000599662752 0.000387356838 0.000000000252 0.000000000000 0.000000000001 0.341987801966 0.000000000000
       93.28 0.000598940150 0.000385820558 0.000000000277 0.000000000000 0.000000000002 0.340814119553 0.000000000000
       94.28 0.000598264271 0.000384332981 0.000000000304 0.000000000001 0.000000000002 0.339649177450 0.000000000000
       95.28 0.000597640574 0.000382886294 0.000000000329 0.000000000001 0.000000000002 0.338492200871 0.000000000000
       96.29 0.000597121458 0.000381471299 0.000000000356 0.000000000001 0.000000000003 0.337341649728 0.000000000000
       97.29 0.000596706922 0.000380087997 0.000000000386 0.000000000001 0.000000000004 0.336197524024 0.000000000000
       98.29 0.000596396968 0.000378736387 0.000000000417 0.000000000002 0.000000000005 0.335059823756 0.000000000000
       99.29 0.000596191596 0.000377416470 0.000000000449 0.000000000002 0.000000000006 0.333928548926 0.000000000000
      100.30 0.000596090804 0.000376128245 0.000000000484 0.000000000002 0.000000000008 0.332803699533 0.000000000000
      101.30 0.000596094593 0.000374871712 0.000000000520 0.000000000003 0.000000000010 0.331685275578 0.000000000000
      102.30 0.000596202964 0.000373646871 0.000000000558 0.000000000003 0.000000000011 0.330573277059 0.000000000000
      103.31 0.000596415915 0.000372453723 0.000000000598 0.000000000004 0.000000000013 0.329467703979 0.000000000000
      104.31 0.000596677967 0.000371293985 0.000000000640 0.000000000005 0.000000000016 0.328369591740 0.000000000000
      105.31 0.000597040834 0.000370164180 0.000000000683 0.000000000005 0.000000000018 0.327277791095 0.000000000000
      106.32 0.000597649645 0.000369058921 0.000000000728 0.000000000006 0.000000000021 0.326189506399 0.000000000000
      107.32 0.000598504400 0.000367978210 0.000000000774 0.000000000007 0.000000000024 0.325104737652 0.000000000000
      108.32 0.000599605099 0.000366922046 0.000000000821 0.000000000009 0.000000000028 0.324023484853 0.000000000001
      109.32 0.000600951743 0.000365890430 0.000000000869 0.000000000010 0.000000000033 0.322945748003 0.000000000001
      110.33 0.000602544330 0.000364883360 0.000000000919 0.000000000012 0.000000000038 0.321871527102 0.000000000001
      111.33 0.000604382862 0.000363900838 0.000000000970 0.000000000014 0.000000000044 0.320800822150 0.000000000001
      112.33 0.000606467338 0.000362942863 0.000000001022 0.000000000016 0.000000000050 0.319733633146 0.000000000001
      113.34 0.000608797759 0.000362009435 0.000000001076 0.000000000018 0.000000000057 0.318669960091 0.000000000001
      114.34 0.000611301532 0.000361101168 0.000000001130 0.000000000020 0.000000000064 0.317611044377 0.000000000001
      115.34 0.000614132958 0.000360215493 0.000000001185 0.000000000023 0.000000000072 0.316554208750 0.000000000001
      116.35 0.000617470527 0.000359350381 0.000000001240 0.000000000025 0.000000000080 0.315496384815 0.000000000001
      117.35 0.000621314242 0.000358505830 0.000000001296 0.000000000029 0.000000000090 0.314437572572 0.000000000001
      118.35 0.000625664100 0.000357681842 0.000000001352 0.000000000032 0.000000000101 0.313377772022 0.000000000001
      119.35 0.000630520103 0.000356878417 0.000000001410 0.000000000036 0.000000000112 0.312316983163 0.000000000001
      120.36 0.000635882250 0.000356095554 0.000000001467 0.000000000040 0.000000000125 0.311255205997 0.000000000001
      121.36 0.000641750541 0.000355333253 0.000000001526 0.000000000045 0.000000000139 0.310192440522 0.000000000001
      122.36 0.000648124977 0.000354591514 0.000000001585 0.000000000049 0.000000000153 0.309128686740 0.000000000001
      123.37 0.000654952830 0.000353870171 0.000000001644 0.000000000054 0.000000000168 0.308064822185 0.000000000001
      124.37 0.000662578271 0.000353167674 0.000000001703 0.000000000060 0.000000000185 0.306995119382 0.000000000001
      125.37 0.000671019895 0.000352483962 0.000000001762 0.000000000066 0.000000000202 0.305919268888 0.000000000001
      126.38 0.000680277700 0.000351819035 0.000000001822 0.000000000072 0.000000000221 0.304837270703 0.000000000001
      127.38 0.000690351688 0.000351172894 0.000000001882 0.000000000079 0.000000000241 0.303749124826 0.000000000002
      128.38 0.000701241859 0.000350545537 0.000000001942 0.000000000087 0.000000000263 0.302654831258 0.000000000002
      129.38 0.000712948212 0.000349936966 0.000000002003 0.000000000094 0.000000000286 0.301554389999 0.000000000002
      130.39 0.000725444221 0.000349347072 0.000000002063 0.000000000103 0.000000000309 0.300448232616 0.000000000002
      131.39 0.000739069115 0.000348775462 0.000000002124 0.000000000112 0.000000000334 0.299330765204 0.000000000002
      132.39 0.000753830885 0.000348222129 0.000000002184 0.000000000121 0.000000000361 0.298201856130 0.000000000002
      133.40 0.000769729531 0.000347687073 0.000000002245 0.000000000131 0.000000000389 0.297061505393 0.000000000002
      134.40 0.000786765053 0.000347170294 0.000000002305 0.000000000141 0.000000000419 0.295909712993 0.000000000002
      135.40 0.000804937450 0.000346671793 0.000000002365 0.000000000152 0.000000000450 0.294746478931 0.000000000002
      136.40 0.000824207983 0.000346191503 0.000000002426 0.000000000164 0.000000000482 0.293572445587 0.000000000002
      137.41 0.000844867190 0.000345729691 0.000000002486 0.000000000176 0.000000000515 0.292382847395 0.000000000003
      138.41 0.000866985043 0.000345286431 0.000000002545 0.000000000189 0.000000000551 0.291176534074 0.000000000003
      139.41 0.000890561543 0.000344861725 0.000000002605 0.000000000202 0.000000000587 0.289953505622 0.000000000003
      140.42 0.000915596689 0.000344455571 0.000000002663 0.000000000216 0.000000000626 0.288713762042 0.000000000003
      141.42 0.000942090480 0.000344067970 0.000000002722 0.000000000231 0.000000000665 0.287457303332 0.000000000003
      142.42 0.000970021811 0.000343698857 0.000000002780 0.000000000247 0.000000000707 0.286184489481 0.000000000003
      143.43 0.000999675329 0.000343349001 0.000000002838 0.000000000263 0.000000000749 0.284890686966 0.000000000003
      144.43 0.001031094058 0.000343018522 0.000000002895 0.000000000279 0.000000000793 0.283575191843 0.000000000004
      145.43 0.001064278000 0.000342707419 0.000000002951 0.000000000297 0.000000000839 0.282238004113 0.000000000004
      146.43 0.001099227153 0.000342415692 0.000000003007 0.000000000315 0.000000000886 0.280879123775 0.000000000004
      147.44 0.001135936298 0.000342143318 0.000000003062 0.000000000334 0.000000000935 0.279498633478 0.000000000004
      148.44 0.001174441122 0.000341890449 0.000000003117 0.000000000354 0.000000000985 0.278095954324 0.000000000004
      149.44 0.001214991364 0.000341658197 0.000000003170 0.000000000374 0.000000001036 0.276667119646 0.000000000004
      150.45 0.001257587025 0.000341446561 0.000000003223 0.000000000395 0.000000001089 0.275212129447 0.000000000005
      151.45 0.001302228104 0.000341255542 0.000000003274 0.000000000417 0.000000001142 0.273730983724 0.000000000005
      152.45 0.001348914602 0.000341085139 0.000000003325 0.000000000439 0.000000001197 0.272223682479 0.000000000005
      153.46 0.001397636363 0.000340935271 0.000000003374 0.000000000462 0.000000001254 0.270690366223 0.000000000005
      154.46 0.001448466161 0.000340806354 0.000000003423 0.000000000486 0.000000001311 0.269129861244 0.000000000005
      155.46 0.001501572128 0.000340699608 0.000000003471 0.000000000511 0.000000001370 0.267539712649 0.000000000006
      156.46 0.001556954266 0.000340615034 0.000000003517 0.000000000536 0.000000001429 0.265919920436 0.000000000006
      157.47 0.001614612573 0.000340552632 0.000000003562 0.000000000563 0.000000001489 0.264270484606 0.000000000006
      158.47 0.001674547050 0.000340512402 0.000000003605 0.000000000589 0.000000001550 0.262591405159 0.000000000006
      159.47 0.001736757697 0.000340494344 0.000000003646 0.000000000617 0.000000001612 0.260882682094 0.000000000007
      160.48 0.001801268163 0.000340498375 0.000000003687 0.000000000645 0.000000001675 0.259143899021 0.000000000007
      161.48 0.001868176368 0.000340525969 0.000000003727 0.000000000674 0.000000001738 0.257373929716 0.000000000007
      162.48 0.001937490752 0.000340577360 0.000000003764 0.000000000703 0.000000001802 0.255572712219 0.000000000007
      163.49 0.002009211314 0.000340652547 0.000000003800 0.000000000734 0.000000001866 0.253740246530 0.000000000008
      164.49 0.002083338055 0.000340751532 0.000000003834 0.000000000764 0.000000001930 0.251876532648 0.000000000008
      165.49 0.002159870974 0.000340874313 0.000000003866 0.000000000796 0.000000001993 0.249981570573 0.000000000008
      166.49 0.002238810072 0.000341020891 0.000000003896 0.000000000828 0.000000002057 0.248055360306 0.000000000009
      167.50 0.002320211428 0.000341191560 0.000000003926 0.000000000860 0.000000002122 0.246097228897 0.000000000009
      168.50 0.002404000382 0.000341387173 0.000000003953 0.000000000894 0.000000002186 0.244109179270 0.000000000009
      169.50 0.002490170093 0.000341607754 0.000000003978 0.000000000927 0.000000002249 0.242091346792 0.000000000009
      170.51 0.002578720563 0.000341853302 0.000000004001 0.000000000961 0.000000002312 0.240043731464 0.000000000010
      171.51 0.002669651790 0.000342123819 0.000000004021 0.000000000996 0.000000002374 0.237966333285 0.000000000010
      172.51 0.002762963775 0.000342419303 0.000000004040 0.000000001031 0.000000002436 0.235859152256 0.000000000010
      173.51 0.002858695525 0.000342739875 0.000000004057 0.000000001067 0.000000002497 0.233721421029 0.000000000011
      174.52 0.002956786640 0.000343085899 0.000000004073 0.000000001103 0.000000002558 0.231554832061 0.000000000011
      175.52 0.003057070681 0.000343457168 0.000000004086 0.000000001139 0.000000002617 0.229362941725 0.000000000012
      176.52 0.003159547648 0.000343853684 0.000000004097 0.000000001176 0.000000002675 0.227145750021 0.000000000012
      177.53 0.003264217541 0.000344275446 0.000000004105 0.000000001212 0.000000002731 0.224903256948 0.000000000012
      178.53 0.003371080360 0.000344722455 0.000000004112 0.000000001249 0.000000002786 0.222635462508 0.000000000013
      179.53 0.003480136105 0.000345194709 0.000000004116 0.000000001287 0.000000002840 0.220342366700 0.000000000013
      180.54 0.003591481009 0.000345692761 0.000000004118 0.000000001324 0.000000002893 0.218022087899 0.000000000013
      181.54 0.003704733409 0.000346215273 0.000000004119 0.000000001362 0.000000002944 0.215682740083 0.000000000014
      182.54 0.003819847299 0.000346762059 0.000000004117 0.000000001400 0.000000002992 0.213325280920 0.000000000014
      183.54 0.003936822678 0.000347333118 0.000000004113 0.000000001438 0.000000003039 0.210949710412 0.000000000015
      184.55 0.004055659548 0.000347928450 0.000000004107 0.000000001476 0.000000003083 0.208556028558 0.000000000015
      185.55 0.004176357907 0.000348548056 0.000000004098 0.000000001514 0.000000003125 0.206144235357 0.000000000015
      186.55 0.004298995187 0.000349192428 0.000000004088 0.000000001552 0.000000003165 0.203712726471 0.000000000016
      187.56 0.004423376381 0.000349860459 0.000000004075 0.000000001589 0.000000003205 0.201265609576 0.000000000016
      188.56 0.004549175910 0.000350550147 0.000000004061 0.000000001627 0.000000003241 0.198809666028 0.000000000017
      189.56 0.004676393774 0.000351261490 0.000000004045 0.000000001665 0.000000003275 0.196344895827 0.000000000017
      190.57 0.004805029973 0.000351994490 0.000000004026 0.000000001702 0.000000003306 0.193871298972 0.000000000018
      191.57 0.004935084507 0.000352749146 0.000000004006 0.000000001739 0.000000003335 0.191388875465 0.000000000018
      192.57 0.005066557375 0.000353525459 0.000000003984 0.000000001776 0.000000003360 0.188897625303 0.000000000018
      193.57 0.005199564991 0.000354324456 0.000000003959 0.000000001813 0.000000003385 0.186395111898 0.000000000019
      194.58 0.005333653002 0.000355142015 0.000000003934 0.000000001850 0.000000003407 0.183890653495 0.000000000019
      195.58 0.005468659132 0.000355976674 0.000000003906 0.000000001886 0.000000003427 0.181387602815 0.000000000020
      196.58 0.005604583380 0.000356828434 0.000000003877 0.000000001921 0.000000003444 0.178885959856 0.000000000020
      197.59 0.005741425746 0.000357697296 0.000000003846 0.000000001957 0.000000003457 0.176385724620 0.000000000021
      198.59 0.005879186231 0.000358583258 0.000000003813 0.000000001992 0.000000003468 0.173886897107 0.000000000021
      199.59 0.006017864834 0.000359486321 0.000000003779 0.000000002026 0.000000003476 0.171389477315 0.000000000022
      200.60 0.006157517850 0.000360407606 0.000000003744 0.000000002060 0.000000003483 0.168891814184 0.000000000022
      201.60 0.006297663561 0.000361340292 0.000000003707 0.000000002093 0.000000003488 0.166403968151 0.000000000023
      202.60 0.006438245482 0.000362283530 0.000000003669 0.000000002126 0.000000003490 0.163927187812 0.000000000023
      203.60 0.006579263614 0.000363237322 0.000000003629 0.000000002158 0.000000003490 0.161461473167 0.000000000024
      204.61 0.006720717958 0.000364201667 0.000000003589 0.000000002190 0.000000003488 0.159006824216 0.000000000024
      205.61 0.006862608511 0.000365176565 0.000000003547 0.000000002222 0.000000003483 0.156563240959 0.000000000024
      206.61 0.007004935276 0.000366162017 0.000000003504 0.000000002253 0.000000003475 0.154130723397 0.000000000025
      207.62 0.007147750304 0.000367158973 0.000000003460 0.000000002283 0.000000003467 0.151707839685 0.000000000025
      208.62 0.007290585235 0.000368158656 0.000000003415 0.000000002313 0.000000003457 0.149303771873 0.000000000026
      209.62 0.007433416508 0.000369160624 0.000000003370 0.000000002342 0.000000003445 0.146919003584 0.000000000026
      210.63 0.007576244121 0.000370164879 0.000000003324 0.000000002370 0.000000003430 0.144553534817 0.000000000027
      211.63 0.007719068076 0.000371171419 0.000000003277 0.000000002397 0.000000003413 0.142207365574 0.000000000027
      212.63 0.007861888372 0.000372180245 0.000000003229 0.000000002425 0.000000003394 0.139880495853 0.000000000028
      213.63 0.008004705009 0.000373191356 0.000000003181 0.000000002451 0.000000003373 0.137572925655 0.000000000028
      214.64 0.008147553069 0.000374205430 0.000000003132 0.000000002477 0.000000003353 0.135283511433 0.000000000029
      215.64 0.008290069607 0.000375212535 0.000000003083 0.000000002502 0.000000003330 0.133018968303 0.000000000029
      216.64 0.008432245395 0.000376212426 0.000000003034 0.000000002526 0.000000003307 0.130779479437 0.000000000030
      217.65 0.008574080434 0.000377205103 0.000000002984 0.000000002550 0.000000003281 0.128565044834 0.000000000030
      218.65 0.008715574724 0.000378190567 0.000000002934 0.000000002573 0.000000003254 0.126375664495 0.000000000031
      219.65 0.008856728264 0.000379168816 0.000000002884 0.000000002595 0.000000003225 0.124211338420 0.000000000031
      220.65 0.008997541054 0.000380139851 0.000000002834 0.000000002617 0.000000003195 0.122072066608 0.000000000031
      221.66 0.009138028545 0.000381104311 0.000000002783 0.000000002638 0.000000003166 0.119957075762 0.000000000032
      222.66 0.009277946924 0.000382052005 0.000000002733 0.000000002659 0.000000003135 0.117870166584 0.000000000032
      223.66 0.009417284749 0.000382982455 0.000000002683 0.000000002679 0.000000003104 0.115811544933 0.000000000033
      224.67 0.009556042020 0.000383895661 0.000000002633 0.000000002698 0.000000003072 0.113781210810 0.000000000033
      225.67 0.009694218737 0.000384791622 0.000000002583 0.000000002717 0.000000003038 0.111779164213 0.000000000034
      226.67 0.009831814900 0.000385670339 0.000000002533 0.000000002735 0.000000003004 0.109805405144 0.000000000034
      227.68 0.009968830509 0.000386531811 0.000000002484 0.000000002752 0.000000002968 0.107859933602 0.000000000035
      228.68 0.010105269361 0.000387376904 0.000000002434 0.000000002769 0.000000002933 0.105942333368 0.000000000035
      229.68 0.010240990408 0.000388196217 0.000000002385 0.000000002785 0.000000002899 0.104053821904 0.000000000035
      230.68 0.010375976800 0.000388988524 0.000000002337 0.000000002801 0.000000002863 0.102194611490 0.000000000036
      231.69 0.010510228538 0.000389753823 0.000000002289 0.000000002816 0.000000002827 0.100364702126 0.000000000036
      232.69 0.010643745622 0.000390492114 0.000000002241 0.000000002831 0.000000002791 0.098564093812 0.000000000037
      233.69 0.010776528051 0.000391203397 0.000000002194 0.000000002845 0.000000002754 0.096792786548 0.000000000037
      234.70 0.010908575825 0.000391887673 0.000000002147 0.000000002859 0.000000002716 0.095050780333 0.000000000037
      235.70 0.011039885738 0.000392545967 0.000000002101 0.000000002872 0.000000002680 0.093338067086 0.000000000038
      236.70 0.011170390077 0.000393171281 0.000000002056 0.000000002885 0.000000002643 0.091654051408 0.000000000038
      237.71 0.011300071991 0.000393760877 0.000000002011 0.000000002897 0.000000002607 0.089998570365 0.000000000039
      238.71 0.011428931478 0.000394314757 0.000000001966 0.000000002909 0.000000002570 0.088371623957 0.000000000039
      239.71 0.011556968539 0.000394832920 0.000000001923 0.000000002920 0.000000002534 0.086773212184 0.000000000039
      240.71 0.011684183174 0.000395315367 0.000000001880 0.000000002931 0.000000002497 0.085203335046 0.000000000040
      241.72 0.011810575383 0.000395762097 0.000000001838 0.000000002942 0.000000002460 0.083661992543 0.000000000040
      242.72 0.011936142044 0.000396173562 0.000000001796 0.000000002952 0.000000002423 0.082149307520 0.000000000041
      243.72 0.012060846848 0.000396547442 0.000000001755 0.000000002961 0.000000002387 0.080664634489 0.000000000041
      244.73 0.012184687865 0.000396878655 0.000000001715 0.000000002971 0.000000002352 0.079206578062 0.000000000041
      245.73 0.012307665096 0.000397167200 0.000000001676 0.000000002980 0.000000002316 0.077775138240 0.000000000042
      246.73 0.012429778539 0.000397413077 0.000000001637 0.000000002988 0.000000002281 0.076370315021 0.000000000042
      247.74 0.012551028196 0.000397616286 0.000000001600 0.000000002996 0.000000002246 0.074992108406 0.000000000042
      248.74 0.012671414066 0.000397776826 0.000000001563 0.000000003004 0.000000002211 0.073640518395 0.000000000043
      249.74 0.012790936149 0.000397894699 0.000000001526 0.000000003012 0.000000002176 0.072315544988 0.000000000043
      250.74 0.012909570908 0.000397970219 0.000000001491 0.000000003019 0.000000002142 0.071017519986 0.000000000043
      251.75 0.013027316443 0.000397999627 0.000000001456 0.000000003026 0.000000002109 0.069744188516 0.000000000044
      252.75 0.013144187086 0.000397981746 0.000000001422 0.000000003033 0.000000002075 0.068494752876 0.000000000044
      253.75 0.013260182836 0.000397916573 0.000000001389 0.000000003039 0.000000002043 0.067269213065 0.000000000044
      254.76 0.013375303695 0.000397804109 0.000000001357 0.000000003045 0.000000002010 0.066067569083 0.000000000045
      255.76 0.013489549662 0.000397644355 0.000000001325 0.000000003051 0.000000001978 0.064889820931 0.000000000045
      256.76 0.013602920737 0.000397437311 0.000000001295 0.000000003057 0.000000001946 0.063735968607 0.000000000045
      257.76 0.013715416920 0.000397182975 0.000000001265 0.000000003063 0.000000001915 0.062606012113 0.000000000046
      258.77 0.013827001365 0.000396881029 0.000000001235 0.000000003068 0.000000001884 0.061500484361 0.000000000046
      259.77 0.013937706463 0.000396529998 0.000000001207 0.000000003073 0.000000001854 0.060416354294 0.000000000046
      260.77 0.014047544795 0.000396129753 0.000000001179 0.000000003077 0.000000001824 0.059353091215 0.000000000047
      261.78 0.014156516363 0.000395680294 0.000000001152 0.000000003082 0.000000001795 0.058310695123 0.000000000047
      262.78 0.014264621165 0.000395181622 0.000000001126 0.000000003086 0.000000001766 0.057289166019 0.000000000047
      263.78 0.014371859202 0.000394633735 0.000000001101 0.000000003091 0.000000001737 0.056288503902 0.000000000047
      264.79 0.014478230473 0.000394036635 0.000000001076 0.000000003095 0.000000001709 0.055308708774 0.000000000048
      265.79 0.014583734980 0.000393390322 0.000000001052 0.000000003099 0.000000001681 0.054349780633 0.000000000048
      266.79 0.014688338349 0.000392694070 0.000000001029 0.000000003102 0.000000001654 0.053412391332 0.000000000048
      267.79 0.014792071189 0.000391948929 0.000000001007 0.000000003106 0.000000001628 0.052493786899 0.000000000049
      268.80 0.014894958277 0.000391155515 0.000000000985 0.000000003109 0.000000001602 0.051592982012 0.000000000049
      269.80 0.014996999612 0.000390313828 0.000000000964 0.000000003112 0.000000001576 0.050709976673 0.000000000049
      270.80 0.015098195196 0.000389423868 0.000000000943 0.000000003116 0.000000001550 0.049844770881 0.000000000049
      271.81 0.015198545028 0.000388485635 0.000000000923 0.000000003119 0.000000001525 0.048997364635 0.000000000050
      272.81 0.015298049108 0.000387499129 0.000000000904 0.000000003121 0.000000001501 0.048167757936 0.000000000050
      273.81 0.015396707435 0.000386464350 0.000000000886 0.000000003124 0.000000001477 0.047355950784 0.000000000050
      274.82 0.015494513579 0.000385381001 0.000000000868 0.000000003127 0.000000001453 0.046562125910 0.000000000050
      275.82 0.015591429413 0.000384248582 0.000000000851 0.000000003129 0.000000001430 0.045786236708 0.000000000051
      276.82 0.015687530458 0.000383071639 0.000000000834 0.000000003132 0.000000001407 0.045025203185 0.000000000051
      277.82 0.015782816715 0.000381850169 0.000000000818 0.000000003134 0.000000001385 0.044279025342 0.000000000051
      278.83 0.015877288184 0.000380584175 0.000000000802 0.000000003136 0.000000001363 0.043547703178 0.000000000051
      279.83 0.015970944864 0.000379273655 0.000000000787 0.000000003138 0.000000001341 0.042831236694 0.000000000051
      280.83 0.016063786757 0.000377918609 0.000000000773 0.000000003140 0.000000001320 0.042129625890 0.000000000052
      281.84 0.016155813861 0.000376519039 0.000000000759 0.000000003142 0.000000001299 0.041442870765 0.000000000052
      282.84 0.016247026176 0.000375074942 0.000000000746 0.000000003144 0.000000001279 0.040770971320 0.000000000052
      283.84 0.016337415718 0.000373585813 0.000000000733 0.000000003146 0.000000001259 0.040114118116 0.000000000052
      284.85 0.016426945214 0.000372051319 0.000000000721 0.000000003147 0.000000001239 0.039472256789 0.000000000053
      285.85 0.016515700272 0.000370478559 0.000000000709 0.000000003149 0.000000001220 0.038842581422 0.000000000053
      286.85 0.016603680890 0.000368867530 0.000000000698 0.000000003150 0.000000001201 0.038225092015 0.000000000053
      287.85 0.016690887068 0.000367218234 0.000000000687 0.000000003152 0.000000001183 0.037619788567 0.000000000053
      288.86 0.016777318806 0.000365530670 0.000000000676 0.000000003153 0.000000001165 0.037026671079 0.000000000053
      289.86 0.016862976105 0.000363804838 0.000000000666 0.000000003154 0.000000001147 0.036445739550 0.000000000054
      290.86 0.016947858965 0.000362040739 0.000000000656 0.000000003156 0.000000001129 0.035876993981 0.000000000054
      291.87 0.017031967385 0.000360238372 0.000000000647 0.000000003157 0.000000001112 0.035320434372 0.000000000054
      292.87 0.017115301365 0.000358397738 0.000000000638 0.000000003158 0.000000001095 0.034776060722 0.000000000054
      293.87 0.017197820176 0.000356516322 0.000000000630 0.000000003159 0.000000001079 0.034244522486 0.000000000054
      294.88 0.017279572566 0.000354601205 0.000000000622 0.000000003160 0.000000001063 0.033723773756 0.000000000055
      295.88 0.017360600187 0.000352656075 0.000000000614 0.000000003161 0.000000001047 0.033212801238 0.000000000055
      296.88 0.017440903039 0.000350680935 0.000000000606 0.000000003162 0.000000001031 0.032711604932 0.000000000055
      297.88 0.017520481122 0.000348675782 0.000000000599 0.000000003163 0.000000001016 0.032220184839 0.000000000055
      298.89 0.017599334437 0.000346640619 0.000000000592 0.000000003164 0.000000001001 0.031738540957 0.000000000055
      299.89 0.017677462981 0.000344575443 0.000000000586 0.000000003165 0.000000000986 0.031266673287 0.000000000055
      300.89 0.017754866757 0.000342480256 0.000000000579 0.000000003165 0.000000000972 0.030804581829 0.000000000056
      301.90 0.017831545764 0.000340355058 0.000000000574 0.000000003166 0.000000000958 0.030352266584 0.000000000056
      302.90 0.017907500002 0.000338199848 0.000000000568 0.000000003167 0.000000000944 0.029909727550 0.000000000056
      303.90 0.017982697688 0.000336012283 0.000000000563 0.000000003167 0.000000000930 0.029477495120 0.000000000056
      304.90 0.018057158317 0.000333797347 0.000000000557 0.000000003168 0.000000000917 0.029054509377 0.000000000056
      305.91 0.018130953882 0.000331561963 0.000000000553 0.000000003168 0.000000000904 0.028639233931 0.000000000056
      306.91 0.018204084382 0.000329306130 0.000000000548 0.000000003169 0.000000000892 0.028231668779 0.000000000056
      307.91 0.018276549818 0.000327029849 0.000000000543 0.000000003169 0.000000000879 0.027831813924 0.000000000057
      308.92 0.018348350190 0.000324733120 0.000000000539 0.000000003170 0.000000000867 0.027439669365 0.000000000057
      309.92 0.018419485497 0.000322415943 0.000000000535 0.000000003170 0.000000000855 0.027055235102 0.000000000057
      310.92 0.018489955739 0.000320078317 0.000000000531 0.000000003171 0.000000000843 0.026678511134 0.000000000057
      311.93 0.018559760917 0.000317720242 0.000000000527 0.000000003171 0.000000000831 0.026309497462 0.000000000057
      312.93 0.018628901030 0.000315341720 0.000000000524 0.000000003171 0.000000000820 0.025948194087 0.000000000057
      313.93 0.018697376079 0.000312942749 0.000000000520 0.000000003172 0.000000000809 0.025594601007 0.000000000057
      314.93 0.018765150934 0.000310520777 0.000000000517 0.000000003172 0.000000000798 0.025249197478 0.000000000058
      315.94 0.018832246624 0.000308080750 0.000000000514 0.000000003172 0.000000000787 0.024911149403 0.000000000058
      316.94 0.018898746823 0.000305630346 0.000000000512 0.000000003172 0.000000000777 0.024579059824 0.000000000058
      317.94 0.018964651531 0.000303169567 0.000000000509 0.000000003173 0.000000000766 0.024252928740 0.000000000058
      318.95 0.019029960749 0.000300698410 0.000000000506 0.000000003173 0.000000000756 0.023932756151 0.000000000058
      319.95 0.019094674475 0.000298216877 0.000000000504 0.000000003173 0.000000000746 0.023618542057 0.000000000058
      320.95 0.019158792710 0.000295724968 0.000000000501 0.000000003173 0.000000000737 0.023310286458 0.000000000058
      321.96 0.019222315454 0.000293222683 0.000000000499 0.000000003173 0.000000000727 0.023007989355 0.000000000059
      322.96 0.019285242708 0.000290710020 0.000000000497 0.000000003173 0.000000000718 0.022711650747 0.000000000059
      323.96 0.019347574470 0.000288186982 0.000000000495 0.000000003173 0.000000000708 0.022421270634 0.000000000059
      324.96 0.019409310741 0.000285653567 0.000000000493 0.000000003173 0.000000000699 0.022136849017 0.000000000059
      325.97 0.019470451522 0.000283109775 0.000000000491 0.000000003173 0.000000000690 0.021858385894 0.000000000059
      326.97 0.019530979300 0.000280554076 0.000000000489 0.000000003173 0.000000000682 0.021586114500 0.000000000059
      327.97 0.019590918200 0.000277990481 0.000000000488 0.000000003173 0.000000000673 0.021319431396 0.000000000059
      328.98 0.019650327668 0.000275425164 0.000000000486 0.000000003173 0.000000000665 0.021057399822 0.000000000059
      329.98 0.019709207703 0.000272858126 0.000000000485 0.000000003173 0.000000000657 0.020800019778 0.000000000059
      330.98 0.019767558306 0.000270289367 0.000000000483 0.000000003173 0.000000000649 0.020547291265 0.000000000060
      331.99 0.019825379476 0.000267718886 0.000000000482 0.000000003173 0.000000000641 0.020299214283 0.000000000060
      332.99 0.019882671214 0.000265146685 0.000000000481 0.000000003173 0.000000000633 0.020055788831 0.000000000060
      333.99 0.019939433520 0.000262572762 0.000000000480 0.000000003173 0.000000000626 0.019817014910 0.000000000060
      334.99 0.019995666393 0.000259997117 0.000000000478 0.000000003173 0.000000000618 0.019582892520 0.000000000060
      336.00 0.020051369834 0.000257419752 0.000000000477 0.000000003173 0.000000000611 0.019353421660 0.000000000060
      337.00 0.020106543842 0.000254840665 0.000000000476 0.000000003173 0.000000000604 0.019128602331 0.000000000060
